194.5758172644965, 1682491849056
101.66973154982324, 1682491851044
93.17882963448119, 1682491853045
88.41474166813614, 1682491855045
107.92587181231158, 1682491856044
95.77214063195375, 1682491857044
105.11933917946968, 1682491858040
103.44736378063834, 1682491859037
109.2792906264957, 1682491860034
95.16562964455754, 1682491861037
106.68681932303866, 1682491862026
94.11687051058047, 1682491864029
100.98120988569444, 1682491867046
98.15363881401616, 1682491868034
107.21046184103844, 1682491869040
101.48122024334332, 1682491870047
130.65596896490916, 1682491871038
126.28735960403581, 1682491872062
104.71588952985532, 1682491873039
101.74160935755009, 1682491874043
104.94361454685912, 1682491875044
105.79622119033156, 1682491876034
94.29872954295455, 1682491879040
109.74330553946142, 1682491880037
103.133224919506, 1682491881028
99.7984668101744, 1682491884037
115.44474393530996, 1682491885041
101.16801437556154, 1682491886038
107.8528884074643, 1682491887046
102.71382339343505, 1682491888036
102.23443223443223, 1682491889034
96.5498652291105, 1682491890038
100.0236847214133, 1682491892042
100.32051282051282, 1682491893042
96.556546442326, 1682491894039
108.01723518616483, 1682491895034
93.63330843913369, 1682491896046
100.28213718920829, 1682491897038
94.04680841716822, 1682491898061
113.98342444013402, 1682491899055
97.02715664309041, 1682491900038
98.29859128117269, 1682491901040
97.48427672955977, 1682491902030
99.05859769650435, 1682491906034
114.01470147014702, 1682491908037
119.81132075471697, 1682491909048
105.98382749326144, 1682491910036
93.8510000289228, 1682491911040
123.37330276847118, 1682491912038
89.65194683057493, 1682491913035
108.86087109857169, 1682491914045
107.54716981132074, 1682491915039
106.25991888555812, 1682491918039
103.8308520375175, 1682491919043
114.4683477340857, 1682491920039
98.2684669706359, 1682491921037
103.18286016575563, 1682491922025
100.9009900990099, 1682491925041
105.75022461814913, 1682491926030
104.43694654859706, 1682491927065
102.90914385556204, 1682491928037
102.92400995231183, 1682491929034
113.11056251102099, 1682491932035
105.60185068561016, 1682491933032
98.82190929625246, 1682491934045
118.88093978554214, 1682491935037
121.44931187075429, 1682491936043
123.06849384084441, 1682491937037
104.09980603068243, 1682491938038
106.06594956797743, 1682491939038
105.256337038176, 1682491940038
116.17250673854447, 1682491941037
107.45754575457546, 1682491945042
116.136567834681, 1682491946038
101.91542601875877, 1682491947037
112.88569245366989, 1682491948036
108.62055067133537, 1682491949050
108.11356674960977, 1682491950038
104.77475208034191, 1682491951033
111.05423117149444, 1682491952034
108.60227959742521, 1682491953030
107.51310425160162, 1682491954034
103.94966874071089, 1682491955051
114.382465696167, 1682491956032
104.4811110831213, 1682491958032
98.74801622288837, 1682491959038
112.97494259758409, 1682491960028
100.92932243846009, 1682491963029
100.15651565156516, 1682491964038
102.97301494855367, 1682491965034
115.53398058252428, 1682491966032
102.91675305826249, 1682491967039
98.71306542418947, 1682491968030
106.84888026803031, 1682491971045
116.502657821904, 1682491972035
101.35778522306472, 1682491973036
104.81018172765746, 1682491974036
102.21611721611724, 1682491975045
100.2610230051692, 1682491976043
109.4292370413512, 1682491977045
106.45097620825774, 1682491978034
106.007326007326, 1682491979061
96.19517847696297, 1682491980038
101.68239176858863, 1682491981038
98.58176280220825, 1682491983044
126.8206665491095, 1682491984039
101.20879120879123, 1682491985030
110.09900990099008, 1682491986025
99.70879440885261, 1682491989037
98.54545454545456, 1682491990041
128.21724563569035, 1682491991038
106.57052170189183, 1682491992036
100.74942690883441, 1682491993035
106.14530065244224, 1682491994037
98.91939777145208, 1682491997035
116.21345635496579, 1682491998039
99.33253061500851, 1682491999042
105.14824797843663, 1682492000041
113.692470463763, 1682492001040
117.91109319763878, 1682492002066
114.18192810539838, 1682492003036
116.93142218975404, 1682492004035
109.73373302768469, 1682492005020
121.20555914673561, 1682492007039
123.19666048237478, 1682492008037
116.97651375838645, 1682492010041
120.2697936871804, 1682492011048
107.40181877723758, 1682492012040
109.77538185085353, 1682492013038
120.54752248280728, 1682492014037
127.07097933513029, 1682492015038
117.7166200636488, 1682492016037
125.08271452549359, 1682492017037
138.18508535489667, 1682492018037
127.90899396260005, 1682492019039
97.88160127782767, 1682492020039
97.1613257462314, 1682492022024
110.59970946587063, 1682492024037
101.19931467732727, 1682492025040
112.46233326422006, 1682492026035
99.96977101544196, 1682492027044
110.62817584091145, 1682492028031
186.6692449944877, 1682492029040
89.33437455391255, 1682492030054
95.82014780480658, 1682492031046
116.41156762475755, 1682492032040
101.94338782947493, 1682492033039
108.26007326007324, 1682492036038
122.29765473461468, 1682492037048
119.62885524514869, 1682492038038
135.18754565836213, 1682492039052
137.3725041261631, 1682492040026
119.68197659945233, 1682492042043
97.42390272984522, 1682492043041
110.75883148180803, 1682492044039
101.3401516487392, 1682492045051
102.11141060197663, 1682492046046
91.76352537135466, 1682492049038
99.48862634456005, 1682492050044
100.64102564102562, 1682492051044
127.81981845815385, 1682492052041
97.49084249084251, 1682492053040
103.96330302098434, 1682492055054
132.19865481018718, 1682492056041
114.93563745371186, 1682492057027
113.34483714134569, 1682492059050
113.09123340070262, 1682492060036
111.16801437556154, 1682492062038
117.74725274725274, 1682492063074
114.42983392012519, 1682492064037
118.58578733909364, 1682492065039
108.5665334094803, 1682492066036
109.46601941747572, 1682492067044
120.77738871955059, 1682492068040
126.80707488224552, 1682492069043
115.5351789807794, 1682492070036
122.54737973482463, 1682492071049
118.23319982198485, 1682492072054
112.34876773711724, 1682492074035
115.6850643625463, 1682492075035
115.14163021444573, 1682492078035
119.99533485382544, 1682492079038
114.29889748175765, 1682492080042
132.07471597349925, 1682492081033
130.1301525724026, 1682492082037
120.15845026072496, 1682492083052
133.277409711901, 1682492084038
127.5591774357424, 1682492085040
107.07106330453183, 1682492088048
110.30153412096631, 1682492089037
98.1112109413996, 1682492090041
99.0147030422114, 1682492091042
111.96790689472756, 1682492092031
116.51485148514851, 1682492094034
99.4848484848485, 1682492095035
103.75507550755074, 1682492097038
110.8023088023088, 1682492098037
109.26091909031426, 1682492099040
94.48757672704066, 1682492101038
107.16804796332217, 1682492102036
104.38463024074028, 1682492103065
100.93080081618257, 1682492104029
97.83988714512431, 1682492105038
103.9333366921094, 1682492106035
105.23037005315264, 1682492107036
102.20570823991739, 1682492108037
106.09452248933823, 1682492109030
115.93881989403064, 1682492111036
121.62376237623762, 1682492115038
117.33531501120993, 1682492116037
110.41545331003687, 1682492117040
112.91659319344032, 1682492118041
120.8581570777028, 1682492119039
108.89574262215771, 1682492120040
110.1923076923077, 1682492121042
113.09292893669546, 1682492122037
113.18539335372714, 1682492123038
104.9666058738233, 1682492124041
112.71425115764737, 1682492127063
107.63021554945377, 1682492128043
112.08781520014108, 1682492129037
109.2608173581547, 1682492130037
107.81671159029648, 1682492131047
115.27949215305945, 1682492132029
104.50745074507451, 1682492134034
174.85446299732013, 1682492135025
111.58822309765708, 1682492138042
103.15929221545514, 1682492141041
108.4432072952616, 1682492142040
114.09426405018012, 1682492143035
107.19449832481044, 1682492144041
106.05058316749377, 1682492145043
112.90962373311163, 1682492146041
108.0549024462745, 1682492147050
108.05860805860807, 1682492148036
103.36801269617351, 1682492149042
98.54447439353096, 1682492150035
105.02569960022845, 1682492153036
97.27272727272728, 1682492154032
118.010101010101, 1682492155035
109.6138613861386, 1682492157037
102.94479447944795, 1682492158038
105.74417720644136, 1682492159037
103.18957771787959, 1682492160037
108.90495503438548, 1682492161038
99.73549638511724, 1682492162037
97.19446030839521, 1682492163031
177.69428420283649, 1682492164037
92.31797532978982, 1682492166037
103.71690555961406, 1682492167035
108.13092509089687, 1682492168031
105.60218656321636, 1682492169033
99.52116915262745, 1682492170037
102.67148651031563, 1682492171034
119.31758067360254, 1682492172029
115.21114106019765, 1682492173017
107.84158415841584, 1682492176033
108.58585858585859, 1682492177033
97.96516949223701, 1682492179038
104.27050936484896, 1682492180035
109.14502355341715, 1682492181039
105.025568682772, 1682492182035
93.05480682839169, 1682492183037
113.14876858872627, 1682492184035
102.19417375077751, 1682492185037
103.80356198201375, 1682492186034
108.3935813789455, 1682492187035
113.14991150558072, 1682492188038
95.46825536774399, 1682492189032
83.02155494537789, 1682492191023
93.61726172617261, 1682492193030
93.27272727272727, 1682492195038
90.34683468346834, 1682492196036
104.00440044004401, 1682492197063
93.98023360287512, 1682492198031
119.58551157580284, 1682492199039
161.77655677655676, 1682492200037
103.76414942377251, 1682492201035
98.79210015870214, 1682492202035
99.37178754997143, 1682492203038
98.57142857142858, 1682492206036
100.0112309074573, 1682492207033
99.97690841457371, 1682492208037
112.52689120084639, 1682492209037
103.24837495883166, 1682492210035
103.37975441749026, 1682492211034
102.88283749401718, 1682492212035
107.07526177460933, 1682492213029
112.55445544554455, 1682492215032
86.51031564098042, 1682492219034
89.11051212938004, 1682492220038
88.40592488097337, 1682492221033
102.83018867924527, 1682492222039
95.21382808104727, 1682492223038
94.32652341486761, 1682492224040
97.60765110527058, 1682492225038
162.15221973112997, 1682492226035
104.80338564627048, 1682492227036
110.89141916685558, 1682492228042
101.26852574921696, 1682492229041
116.51384235584554, 1682492230045
104.25594713286475, 1682492232066
114.55798151971766, 1682492234033
99.43434343434342, 1682492236043
104.82338233823383, 1682492237038
109.53521321445847, 1682492238043
109.72063582714638, 1682492239041
105.53895760384914, 1682492240035
101.72380784442149, 1682492241034
97.640627755246, 1682492242037
162.52076143453326, 1682492251042
99.54152706753659, 1682492258040
127.8346810422282, 1682492259041
124.47179047954926, 1682492260040
132.16137239589892, 1682492261036
118.98758092551074, 1682492262040
128.5840239816611, 1682492263037
115.39335466156132, 1682492264045
169.90830541350732, 1682492265042
106.60713236096767, 1682492266036
109.31934403103509, 1682492267043
105.29007229765472, 1682492268043
103.64779874213836, 1682492272116
97.13962508080154, 1682492273051
105.02883415949894, 1682492274040
93.93405043202256, 1682492275041
111.57501406487476, 1682492276038
152.11141060197662, 1682492277041
100.03912974112231, 1682492278041
101.4925561125526, 1682492279044
112.25919674870475, 1682492280042
103.60606594956796, 1682492281041
104.7196681529251, 1682492282045
101.51850265763156, 1682492284041
102.91659319344029, 1682492285041
104.05572209486863, 1682492286035
105.2650724809774, 1682492289044
104.58675867586757, 1682492290035
101.06538115972076, 1682492291037
120.05819079527423, 1682492292038
108.39593252218891, 1682492293040
100.5642743784165, 1682492294060
101.99250992938173, 1682492295034
184.85695812445945, 1682492296050
117.44842179509786, 1682492297041
117.9000932060357, 1682492298042
122.79139481572916, 1682492299045
123.81850853548966, 1682492300042
117.0492312601288, 1682492301047
112.4012729761275, 1682492302049
110.76527698458024, 1682492303041
127.91394815729147, 1682492304033
106.80728228558038, 1682492307041
128.01412365334073, 1682492308049
101.88167031933564, 1682492311059
121.44662484990468, 1682492312041
103.5796155880797, 1682492313042
91.54226599827022, 1682492314040
84.56773485075371, 1682492315038
88.42490196572368, 1682492316035
105.05840071877806, 1682492317039
121.0242587601078, 1682492319070
121.63563997279394, 1682492320045
129.90906113812127, 1682492321030
131.29592959295928, 1682492324048
131.35953595359535, 1682492325036
127.24891049701489, 1682492326045
121.42457057505602, 1682492327040
116.55792629165933, 1682492328040
119.22731356693622, 1682492329043
112.26415094339622, 1682492330044
110.55705300988319, 1682492331050
122.83547875154295, 1682492332041
113.25431812647471, 1682492333044
116.90497182826579, 1682492336042
120.89402221830366, 1682492337045
119.7256626352024, 1682492338040
108.35302415799684, 1682492339031
112.62861580275674, 1682492342044
112.43486073674751, 1682492343042
107.42709356710417, 1682492344049
113.93934050432023, 1682492345039
110.91518250749425, 1682492346040
100.44965614530066, 1682492349041
122.47399047786986, 1682492350041
106.82839173405209, 1682492351051
113.29076084674743, 1682492352040
107.84694057485454, 1682492353041
108.46713857470337, 1682492354039
104.06327934100813, 1682492355038
115.74896507712589, 1682492356028
106.21138457146218, 1682492358057
102.13131313131312, 1682492359042
112.62589112527395, 1682492360042
102.32763181096807, 1682492363042
108.68210024267155, 1682492364034
102.28917849002491, 1682492365038
104.95343896684048, 1682492366040
102.34711271212771, 1682492367036
106.18056780109329, 1682492368043
105.90296495956872, 1682492369035
102.38934932110739, 1682492370042
95.35078217497544, 1682492371042
99.49260556120018, 1682492372039
105.50520190442603, 1682492373030
101.61347205078471, 1682492376044
102.8057535833942, 1682492377039
99.31917609223196, 1682492378042
110.69476282842531, 1682492379042
103.8583100318244, 1682492380040
105.69883534440049, 1682492381043
100.69921320670748, 1682492382075
110.00243511264496, 1682492383053
109.46293170768571, 1682492384047
108.89587700908453, 1682492385040
110.00561461497529, 1682492386042
112.0026651437274, 1682492387043
108.7727032269441, 1682492388039
110.15123277033585, 1682492389046
112.10622710622711, 1682492390044
111.87419704259767, 1682492391026
115.21978021978022, 1682492393042
103.55316522659142, 1682492394039
104.19586702605568, 1682492395039
107.02697936871805, 1682492396038
122.81624975858794, 1682492397045
105.52249960114534, 1682492398050
116.68861013200635, 1682492399045
105.485347985348, 1682492400047
96.72897196261682, 1682492402041
102.03289921152732, 1682492403047
97.5930171045671, 1682492404041
95.50150725075781, 1682492405044
93.7400811144419, 1682492406043
97.09289092784238, 1682492407043
98.91984799894566, 1682492409034
85.82294700058243, 1682492411053
103.71539411038616, 1682492412049
89.58272859216252, 1682492413044
87.01942212257853, 1682492414044
88.48527596543819, 1682492415054
96.59672015517545, 1682492416041
100.188679245283, 1682492417050
117.54540645388822, 1682492418051
95.53828584863678, 1682492419044
108.4376653147593, 1682492420055
102.52160112854874, 1682492421043
106.03117224083545, 1682492422045
99.38299283741006, 1682492423048
140.5877298312495, 1682492424045
86.86738176958758, 1682492428049
97.60183389172984, 1682492429047
89.41557296521147, 1682492430045
91.45174698339925, 1682492431054
96.45631067961163, 1682492432055
93.71829428433202, 1682492433042
84.70623304867708, 1682492434045
90.02053771471248, 1682492435046
83.82460676578324, 1682492436050
94.66601170533458, 1682492437045
83.17765567765566, 1682492438042
87.87027437970835, 1682492439049
83.99267399267399, 1682492441056
86.44923315860999, 1682492442044
86.37806383353906, 1682492443045
101.89980771007045, 1682492444054
87.90141896938012, 1682492445047
84.18287711124053, 1682492446046
88.75093353248693, 1682492448042
86.56513298388661, 1682492450046
85.93409340934093, 1682492451044
90.660535328233, 1682492452047
83.06560136310603, 1682492454041
82.10087082728592, 1682492455047
87.21060492905153, 1682492456045
99.36719078686473, 1682492457045
87.6318335752298, 1682492458044
83.59399024733118, 1682492459043
93.2240891419167, 1682492460048
92.03296703296701, 1682492461042
95.27056394496, 1682492462044
81.43550220241899, 1682492463046
84.12498752121392, 1682492464042
85.33934618840279, 1682492465046
85.99894198554048, 1682492466045
79.82217045233936, 1682492467048
81.74353598881902, 1682492468042
90.10308677926616, 1682492469041
88.12546676624345, 1682492470043
81.09680832304709, 1682492471039
89.68218066809537, 1682492472065
88.4436616134486, 1682492473034
80.32673267326732, 1682492475043
83.29612961296128, 1682492477046
78.59577969787809, 1682492480044
84.90037030506085, 1682492481043
82.64856286369248, 1682492482042
82.2441080931647, 1682492483044
81.91613278974958, 1682492484043
80.08518211348398, 1682492485040
88.40690452399147, 1682492486039
88.65699339160813, 1682492487046
84.12504816578173, 1682492488045
87.71887790755714, 1682492489046
91.9897855887981, 1682492490049
88.67210250436807, 1682492491048
89.54715301744045, 1682492492045
96.36963696369638, 1682492493049
88.64298194525331, 1682492494060
84.61097060183297, 1682492495073
92.37663280116112, 1682492496039
87.40133842932242, 1682492498038
91.28712871287128, 1682492500041
95.21313766596786, 1682492501040
84.66041382946011, 1682492502045
89.0894971850126, 1682492503040
88.71863985071529, 1682492504043
82.73722055682909, 1682492506047
88.2692307692308, 1682492507044
93.09074573225517, 1682492508042
86.91446037064094, 1682492509047
94.90838306943388, 1682492510045
88.00582411182295, 1682492511044
91.41440320685602, 1682492512042
85.43140183631331, 1682492513045
91.98997746970335, 1682492514042
85.80900319923418, 1682492515041
86.84981684981685, 1682492516046
77.1603402487593, 1682492519045
89.77554978965662, 1682492520038
90.21729079981509, 1682492522047
81.43902625556672, 1682492523046
83.56835683568357, 1682492525042
84.43497958574665, 1682492526047
86.09063266830255, 1682492527046
80.71614754938571, 1682492528044
83.25666460475136, 1682492529044
83.37153941103861, 1682492530069
91.27064759140232, 1682492532043
80.1298166947964, 1682492533040
80.21238517811904, 1682492534042
90.23099982366426, 1682492535042
80.4825813820674, 1682492536048
94.5783289902493, 1682492537041
83.97106415381687, 1682492538039
93.14935637453713, 1682492539038
84.26064227035103, 1682492540052
84.49176120221793, 1682492541044
76.6264453233242, 1682492542032
84.58909854434901, 1682492546039
78.9984129783107, 1682492547045
91.09186345828914, 1682492548045
97.81553398058253, 1682492549049
89.88095238095237, 1682492550042
86.85897435897436, 1682492551046
119.50728013977866, 1682492552055
84.67642391112678, 1682492553046
89.72579307484968, 1682492554044
82.79844824545934, 1682492555043
93.78836798585624, 1682492556060
82.20331511197321, 1682492558046
84.52679055191906, 1682492559045
105.34297302063128, 1682492560043
83.85201232670815, 1682492561055
87.68850646209137, 1682492562044
83.26923076923077, 1682492563041
92.63736263736263, 1682492564033
86.47750735843253, 1682492566047
86.26189089497184, 1682492568047
97.02500250025004, 1682492569045
84.96431943217071, 1682492572051
90.7582934254486, 1682492573040
83.03113553113552, 1682492574045
89.17298536413332, 1682492575042
100.85858713084953, 1682492576043
108.04090989243521, 1682492577049
99.24191957783916, 1682492578044
96.56471848325137, 1682492579069
83.97443971416816, 1682492580044
86.71375484106925, 1682492581049
91.4124493034738, 1682492583044
114.65151781399642, 1682492584038
110.6777811946287, 1682492586042
168.78787878787875, 1682492587037
301.0860086008601, 1682492588047
126.94359435943595, 1682492590054
118.39393939393939, 1682492591045
147.82569631626234, 1682492592041
137.9780168106742, 1682492593033
123.72538646917062, 1682492594039
115.32282036425926, 1682492595037
97.07282666196437, 1682492598044
91.40699129237305, 1682492599038
98.11320754716978, 1682492600035
108.08768084909858, 1682492601038
92.0016719240842, 1682492602043
86.6425674484218, 1682492603042
88.67311551670572, 1682492604034
99.74599256031102, 1682492605022
87.97369736973697, 1682492607033
94.72727272727272, 1682492608061
89.67906894727561, 1682492611038
88.98976412995104, 1682492612044
96.52128764278295, 1682492613037
89.7969313059244, 1682492614045
87.41995616797239, 1682492615045
90.6226331124938, 1682492616039
163.59638614355595, 1682492617041
99.72936661880411, 1682492618040
98.83152379272994, 1682492619039
96.24959064916744, 1682492620040
96.00599541527065, 1682492621042
97.68118497619469, 1682492623050
111.10033503791217, 1682492624032
101.014901490149, 1682492627052
97.6105957534529, 1682492628045
105.75391927181735, 1682492629042
105.4664080409099, 1682492630040
111.97319696702523, 1682492631042
114.43266073842692, 1682492632037
100.47357342984216, 1682492633041
108.31708525413339, 1682492634057
103.84615384615381, 1682492637043
103.62832959920337, 1682492638043
102.00402306732761, 1682492639043
98.28870681954635, 1682492640043
100.27189292221915, 1682492641037
102.98876832286315, 1682492642042
101.47498132935029, 1682492643045
100.78469405748544, 1682492644035
164.55172934982494, 1682492645015
98.68686868686868, 1682492647041
107.17821782178218, 1682492649045
89.65656565656568, 1682492650042
111.89577717879602, 1682492651043
103.77358490566036, 1682492652038
100.70534297302062, 1682492653045
105.17713345256988, 1682492654051
98.7569444309878, 1682492655044
92.72615059072476, 1682492656045
101.94818808026356, 1682492657040
95.97954505378239, 1682492658047
108.60736747529201, 1682492659040
110.96808323047082, 1682492660081
95.7796978780932, 1682492662049
104.70270633381196, 1682492663040
101.88679245283018, 1682492664032
100.46724672467248, 1682492667045
103.73427342734273, 1682492668047
102.23719676549862, 1682492669036
99.4208677024759, 1682492670045
95.31215625026239, 1682492671050
117.19780219780219, 1682492672048
108.28131428907305, 1682492673043
99.7751299426489, 1682492675056
119.68864468864469, 1682492676045
118.59250812081, 1682492677045
113.97029702970298, 1682492678042
104.64236498886473, 1682492679046
104.57322551662172, 1682492680036
97.66355140186917, 1682492681036
95.89322450898892, 1682492682035
98.59141328899747, 1682492683064
100.23805325339447, 1682492684034
88.29130664785751, 1682492686047
86.94519317160825, 1682492688038
117.67176997759523, 1682492689033
92.57841672890217, 1682492690045
108.76388643978136, 1682492691034
113.59632277108003, 1682492692044
105.33415623346852, 1682492693040
118.39181802151296, 1682492694039
93.55760591609648, 1682492695040
100.97589238481497, 1682492696041
112.61682242990655, 1682492697048
117.42138364779872, 1682492698044
100.89318252428815, 1682492701042
96.4420485175202, 1682492702032
106.46759136222019, 1682492705054
99.6825956621407, 1682492706038
113.33753180341083, 1682492707044
112.49212786860467, 1682492708041
117.78765817736016, 1682492709049
116.23513391720057, 1682492710049
111.34141118976245, 1682492711042
108.15720751358204, 1682492712041
101.83044898439009, 1682492715046
103.49480649251414, 1682492716046
113.59145527369827, 1682492717054
106.0170187317075, 1682492718041
93.40109664038424, 1682492719031
93.29042496914123, 1682492721042
106.14141414141415, 1682492722045
97.95168773832148, 1682492723042
107.41524921651883, 1682492724048
109.0056327320478, 1682492725044
108.34068065596895, 1682492728046
99.63851172632693, 1682492729038
103.71043991569474, 1682492730040
96.1505907247399, 1682492731047
109.96699841039462, 1682492732063
104.09980603068242, 1682492733047
100.2116028919062, 1682492734042
95.06259918885556, 1682492735052
99.24780210091443, 1682492736047
103.04179157115148, 1682492738039
103.80356198201375, 1682492741042
114.3845462713387, 1682492742043
119.6614353729501, 1682492743043
111.00335037912184, 1682492744042
104.08805031446539, 1682492745037
112.89014283195205, 1682492746045
109.67335253743018, 1682492747069
116.81940700808624, 1682492748040
107.23443223443222, 1682492749042
120.22280308688073, 1682492750040
105.49285840239817, 1682492753037
98.35643564356435, 1682492756049
107.3577946029897, 1682492757040
102.03961676365131, 1682492758074
108.93081761006289, 1682492759047
111.24560210259382, 1682492760039
109.11655792629165, 1682492761041
106.5193003669463, 1682492762048
117.56246028502854, 1682492763047
106.54425327410691, 1682492764042
91.94070080862534, 1682492767049
94.1684510164496, 1682492768055
103.73982920623723, 1682492769047
101.49885381766883, 1682492770050
101.05306026483949, 1682492771034
105.60898808474191, 1682492773042
99.46217598307179, 1682492774044
98.57327589826266, 1682492775048
99.5856110033504, 1682492776048
92.2984944286302, 1682492777056
94.00922637124366, 1682492780045
102.77963909951214, 1682492781043
118.16258155528128, 1682492782053
121.97067788497871, 1682492783052
120.78452611868235, 1682492784042
108.4413599684275, 1682492785044
113.47205078469409, 1682492786050
130.35938903863433, 1682492787039
91.59386526887982, 1682492789036
97.78683750728013, 1682492791052
108.08200358456045, 1682492793044
99.1262144074699, 1682492794045
97.08768924603875, 1682492795041
96.08904115340371, 1682492796045
92.10622710622711, 1682492797042
94.87744665843766, 1682492798043
101.94174757281557, 1682492799056
97.19208071578146, 1682492800040
94.55676751391793, 1682492801047
93.01490270278842, 1682492802053
105.23717157467817, 1682492803046
94.84007321981312, 1682492805045
98.61721611721613, 1682492806068
108.55173752669386, 1682492807037
99.84469035138807, 1682492809038
96.40594059405942, 1682492811046
111.10033503791217, 1682492812045
121.49315789326369, 1682492813045
97.88323311908218, 1682492814043
100.021832044403, 1682492815052
107.4852412959209, 1682492816054
104.32234432234432, 1682492819053
98.02823051280114, 1682492820045
96.14261363159264, 1682492821044
92.02260362990393, 1682492822044
100.55545759125374, 1682492823042
109.43900042824394, 1682492824043
96.11498769848268, 1682492825052
99.2891699495473, 1682492826045
98.08882103999179, 1682492828036
196.17171717171718, 1682492829066
102.62376237623762, 1682492833062
101.79176169742206, 1682492834052
95.68002619845326, 1682492835053
95.00457633238447, 1682492836048
106.5387812681059, 1682492837053
99.0770923075631, 1682492838057
100.61717510139304, 1682492839059
97.5463337310316, 1682492840051
102.65916561543435, 1682492841054
101.78099100687709, 1682492842058
107.39165847965002, 1682492845049
102.45501339311953, 1682492846051
102.3452653852936, 1682492847057
112.29463183615889, 1682492848045
99.37623762376235, 1682492851048
111.88679245283018, 1682492852055
112.973944294699, 1682492853057
143.3137684627722, 1682492854059
133.409913427547, 1682492855054
125.67834681042228, 1682492858064
110.16844261950945, 1682492859055
110.73884676423911, 1682492860059
120.88520543114089, 1682492861053
107.26763890315293, 1682492862055
108.15552812555104, 1682492863060
112.59628197806384, 1682492864053
124.7529200359389, 1682492865045
116.95294996265872, 1682492868056
101.8280461676688, 1682492869087
91.29783107035794, 1682492871059
101.88679245283018, 1682492872062
91.71608265947886, 1682492873054
89.4971072541166, 1682492875062
120.63749569656817, 1682492876063
124.43618745329204, 1682492877058
133.45089049550342, 1682492878059
129.82719097160995, 1682492879056
129.47888589398022, 1682492880046
119.56696979620628, 1682492881060
96.35422365765986, 1682492885050
89.2641761342167, 1682492888055
96.17754490263745, 1682492889053
113.03121142655615, 1682492890051
111.29715931514556, 1682492893048
102.42722885113996, 1682492894055
97.17350597442291, 1682492897043
91.57518200367785, 1682492898053
107.40148289963138, 1682492899045
104.30168899242865, 1682492902050
112.94516594516595, 1682492903082
119.71287128712872, 1682492904053
104.76252319109463, 1682492905058
108.52235814499964, 1682492906056
95.2036677834597, 1682492907057
105.43995767942162, 1682492908050
91.31546464468346, 1682492910059
105.51737746765079, 1682492911060
114.96336996336997, 1682492912051
89.30068938815963, 1682492913063
100.50593799879924, 1682492914059
95.43130883106194, 1682492915054
96.68498168498168, 1682492916055
94.37970834197247, 1682492917052
93.52183367745903, 1682492918053
97.41693326951659, 1682492919057
96.64414676761791, 1682492920062
91.01465829050066, 1682492922046
103.51008215085885, 1682492924052
91.24710430226696, 1682492925074
95.91529152915291, 1682492927051
98.85893980233601, 1682492928055
96.58290500666286, 1682492929060
95.85511575802838, 1682492930052
99.31716082659477, 1682492931061
108.47389665350832, 1682492932062
96.34736332849538, 1682492933051
98.80427824602582, 1682492934057
92.92382374906647, 1682492936057
98.43312450789087, 1682492937055
93.82824898606948, 1682492938050
94.7252747252747, 1682492939053
101.9461406668717, 1682492940046
97.14027881503613, 1682492941061
99.68259895444365, 1682492942052
92.18135711346785, 1682492943059
109.44899617800817, 1682492944050
95.87504979852008, 1682492945050
92.70173192503289, 1682492947048
96.82338233823383, 1682492949055
92.87388738873886, 1682492950058
97.11120594615741, 1682492952055
101.32161863293939, 1682492953061
90.93632304406911, 1682492954041
98.2527664531159, 1682492955045
90.7570681243755, 1682492956061
103.54703546027828, 1682492957054
93.15817316169988, 1682492958058
97.9897725268912, 1682492959059
97.93850454227811, 1682492960044
96.31097228170054, 1682492962077
94.06492993014983, 1682492963050
103.39446305766178, 1682492964054
105.11136493432326, 1682492965049
98.05825242718447, 1682492966055
92.28715855942092, 1682492967046
94.8148661294491, 1682492968060
105.80236202023752, 1682492969049
95.19083673073187, 1682492970045
120.37535327798037, 1682492972055
102.34343434343434, 1682492973057
88.06380638063806, 1682492976054
86.35559678416821, 1682492977060
153.59107256700275, 1682492978065
91.37196327373373, 1682492979056
85.60218656321635, 1682492980059
102.75392083644512, 1682492981054
94.28327917306933, 1682492982060
94.27362269189106, 1682492983049
89.4639393405043, 1682492984051
113.80708869687884, 1682492985062
121.7598307176865, 1682492988070
124.49303473814145, 1682492989062
128.33404707324652, 1682492990051
126.5957964917584, 1682492991075
116.36528581023913, 1682492992038
100.6891865657154, 1682492994048
93.93589358935894, 1682492996056
91.11691169116914, 1682492997059
94.11451145114512, 1682492998051
100.92328193413286, 1682492999055
108.59795823735165, 1682493002057
110.21538151497595, 1682493003059
173.26330285244057, 1682493004062
146.6952162631937, 1682493008053
96.5318957771788, 1682493013032
171.50285028502853, 1682493016066
142.76141773937576, 1682493017067
126.97214734950585, 1682493018058
127.78114588377328, 1682493019064
128.58402398166112, 1682493020065
117.38278571288625, 1682493021062
121.69811320754717, 1682493022064
124.45825741099945, 1682493023058
124.7708894878706, 1682493024061
158.9779152885949, 1682493027060
139.6904048164849, 1682493029066
171.68047963322167, 1682493030044
148.8687642223174, 1682493031029
146.33699633699635, 1682493033063
149.5148514851485, 1682493034079
148.695983247668, 1682493035057
150.15567765567766, 1682493036060
122.64150943396226, 1682493037064
107.50927628638792, 1682493038052
159.2905425263034, 1682493041057
126.62767687454692, 1682493042062
125.84319004923837, 1682493043064
134.5441721036854, 1682493044065
125.42761417739376, 1682493045059
122.27120437312644, 1682493046062
119.21245421245423, 1682493047093
94.07132640865669, 1682493049048
98.26007326007326, 1682493050035
152.44379732090857, 1682493053067
126.17427009597704, 1682493054059
101.67928557561638, 1682493055062
112.59054232093682, 1682493056064
113.38892107715945, 1682493057056
122.9324634103333, 1682493058061
109.62297738704015, 1682493059064
118.58578733909364, 1682493060051
114.53888203138777, 1682493061063
111.7566770207398, 1682493062064
106.35690354434846, 1682493063070
115.37286612758311, 1682493064064
114.47716452124845, 1682493066056
108.80007725184944, 1682493067063
112.91708301494937, 1682493068041
117.93260993717874, 1682493071054
111.12409837855085, 1682493072053
152.98889084817495, 1682493073077
101.84606729307842, 1682493074055
116.02010227473109, 1682493075055
109.41632868982545, 1682493076048
129.54278660855982, 1682493077059
117.80646732330739, 1682493080056
127.00211854423591, 1682493081055
116.46110957167208, 1682493082054
130.71944983248108, 1682493083052
121.37189208252514, 1682493084058
122.40345618056783, 1682493085033
105.09708737864075, 1682493088040
95.44944622179678, 1682493092051
105.20954097660146, 1682493094048
101.27289377289375, 1682493095049
103.36801269617351, 1682493096052
103.89594224545682, 1682493097048
114.13037089284664, 1682493098047
107.15209377702764, 1682493099046
110.51566556420927, 1682493100073
122.10368541703404, 1682493101045
132.28937728937728, 1682493102044
84.62352318815024, 1682493105022
89.97252747252746, 1682493107041
83.1028102810281, 1682493108043
88.38613861386136, 1682493109044
85.36108708653234, 1682493110042
94.96930918373344, 1682493111042
90.77268643306377, 1682493112042
89.96649620878154, 1682493113046
84.62649809737187, 1682493114044
98.58974358974358, 1682493115040
95.84930851197824, 1682493116049
94.73888565327121, 1682493118046
103.72743156668608, 1682493119045
97.34052111410601, 1682493120047
104.61075519316637, 1682493121047
102.96495956873315, 1682493122047
109.19356719744657, 1682493123045
93.60235676273412, 1682493124045
103.477844673401, 1682493125045
105.72456764632666, 1682493126047
100.05455251407493, 1682493127041
96.19741100323623, 1682493130040
155.54225424299668, 1682493132038
161.49709046023634, 1682493133045
97.08737864077672, 1682493134043
108.21428571428571, 1682493135049
103.21695294996267, 1682493136046
107.46815115549249, 1682493137045
97.95787545787545, 1682493138053
108.57873390936345, 1682493139045
101.04676255972325, 1682493140044
99.63187814360448, 1682493141051
98.41995050447366, 1682493142051
94.91271380708868, 1682493144041
93.11434672879051, 1682493145038
102.9945054945055, 1682493146046
109.28891496852661, 1682493147043
105.13430905777933, 1682493148047
116.74867108904802, 1682493149033
117.4911039845363, 1682493151041
153.0817147391495, 1682493153055
112.3078307830783, 1682493154056
113.54545454545456, 1682493155056
120.85164835164836, 1682493156061
147.16117216117217, 1682493158044
151.5676618978506, 1682493160044
97.37256674437066, 1682493161047
110.65256439978664, 1682493162044
111.94674660553696, 1682493163048
120.394573064476, 1682493164052
108.3142302944807, 1682493165050
112.80198019801979, 1682493166053
113.09727774604988, 1682493167047
112.34912336854086, 1682493168052
102.86180800331744, 1682493170047
109.54429805778773, 1682493171046
118.02336028751122, 1682493172045
110.55458560131457, 1682493173043
114.43425109133653, 1682493174029
99.43564356435643, 1682493176043
111.04520452045205, 1682493178043
98.3054305430543, 1682493179043
104.62004976155919, 1682493180043
101.7986245812026, 1682493181043
96.8015215255561, 1682493182043
90.86575704971982, 1682493184045
101.41950273320404, 1682493185044
100.75194599088093, 1682493186039
139.366954681714, 1682493187063
182.1989067183918, 1682493188035
186.87180391465353, 1682493189039
181.61489953061104, 1682493190049
96.96702521601127, 1682493191053
102.75335667682695, 1682493192055
95.2512784341386, 1682493193050
92.9201199083054, 1682493194033
97.52815281528152, 1682493197053
95.991899189919, 1682493198046
104.3223443223443, 1682493199050
91.08622817845178, 1682493200054
111.17506780529175, 1682493201046
91.37835772644448, 1682493202049
99.59808942247551, 1682493203053
91.66637277376124, 1682493204046
108.93772893772892, 1682493205050
96.64080409098925, 1682493206054
126.33843027600741, 1682493207046
94.19108077016735, 1682493210053
97.97747567453084, 1682493211050
112.27733413943957, 1682493212050
98.3024419234964, 1682493213030
98.81096681096682, 1682493215042
95.96240032166482, 1682493216046
104.55967841682128, 1682493217048
90.66336633663366, 1682493219055
92.2676776582613, 1682493220049
84.54601943051952, 1682493221053
90.45269196212591, 1682493222054
89.11126785399398, 1682493223050
82.60251075785055, 1682493224053
97.56695807523907, 1682493225055
92.6325247079964, 1682493226058
85.4082172456357, 1682493227052
111.69780478147608, 1682493228064
100.84722793680649, 1682493229068
126.06242285311234, 1682493230067
118.47293246341034, 1682493231060
149.87705480123049, 1682493232064
134.57356139422797, 1682493233056
112.62536253625363, 1682493239055
101.52525252525254, 1682493240058
112.26415094339622, 1682493241063
98.49985774743058, 1682493242062
112.78736428445474, 1682493243063
102.8550436221041, 1682493244080
103.14759301710458, 1682493245054
99.19137466307276, 1682493246055
109.25980972533607, 1682493247061
110.00705342973018, 1682493248053
101.25742574257424, 1682493250057
112.60920209668026, 1682493251054
114.87610314801286, 1682493252054
111.67342620349145, 1682493253063
109.75741239892182, 1682493254057
111.98369314221895, 1682493255058
107.69697122368609, 1682493256047
105.11111111111111, 1682493258056
103.02320232023203, 1682493260055
101.23232323232324, 1682493261056
108.03121605145785, 1682493262058
108.32331190821756, 1682493263054
106.61494151531181, 1682493264051
113.40823403951597, 1682493265050
109.47544314851666, 1682493266054
109.89243519661436, 1682493267059
107.40979587038481, 1682493268048
106.20597753664572, 1682493269055
106.59340659340658, 1682493270047
115.45868285596728, 1682493271061
120.77860270321722, 1682493272063
106.60912986384683, 1682493273057
117.53737138419723, 1682493274059
146.26168224299067, 1682493275048
161.95946638550862, 1682493276046
167.88772548206512, 1682493277048
162.57376737102607, 1682493278050
165.48243059600077, 1682493279045
163.49252572316055, 1682493280048
108.67074354494272, 1682493282058
108.7940794079408, 1682493283061
106.24242424242425, 1682493284052
105.3161316131613, 1682493286062
109.84158415841584, 1682493287056
100.82127396413112, 1682493288058
100.29292929292929, 1682493289051
103.99240916609986, 1682493290052
101.35778522306471, 1682493291056
106.46639964396975, 1682493292058
97.97549772862769, 1682493293055
102.29110512129381, 1682493294057
104.07509157509156, 1682493295037
176.0051033109286, 1682493296054
131.35306517381989, 1682493297060
95.112728921581, 1682493298059
104.28022361984625, 1682493299054
99.4811017531878, 1682493301064
99.9073004855415, 1682493302064
100.92794585652987, 1682493303057
104.68641626991125, 1682493304051
102.0287322849932, 1682493306047
103.33493349334934, 1682493308049
101.67326732673267, 1682493309050
102.41827355034904, 1682493310049
90.66247858366647, 1682493311051
101.96924574018563, 1682493312039
118.1165663232318, 1682493313062
116.97231528830893, 1682493315048
123.27631810968082, 1682493316058
121.36307529536236, 1682493317060
119.08422970669491, 1682493318061
121.44792314603636, 1682493319081
124.29906542056074, 1682493320060
132.09344115004495, 1682493321059
133.9181802151296, 1682493322061
190.66302239463943, 1682493323045
154.5193171608266, 1682493326052
114.53888203138777, 1682493328052
114.58177744585512, 1682493329048
128.52650494159928, 1682493330049
109.62123735444139, 1682493331050
115.48638873024937, 1682493332051
107.67501322518076, 1682493333049
105.9981862609265, 1682493334051
110.53810391493339, 1682493335051
102.75486812605484, 1682493336052
112.73320402045493, 1682493337049
109.18247390650848, 1682493338050
103.37176799440948, 1682493339054
102.19416743545813, 1682493340052
114.24347767673459, 1682493341056
101.0470207500476, 1682493342058
101.24247718889535, 1682493343043
102.08818404135367, 1682493345055
96.52525252525251, 1682493346052
101.66336633663366, 1682493348060
105.16621743036835, 1682493349060
105.62351479121008, 1682493350062
98.82783882783882, 1682493351057
105.24598836184092, 1682493352059
97.14957469498114, 1682493353075
109.0619684853506, 1682493354054
94.27295093667865, 1682493355060
99.11550364380551, 1682493356064
105.25052270952466, 1682493357049
103.90105045721336, 1682493358058
101.53846153846152, 1682493359057
111.13048005306865, 1682493360055
97.38326398520573, 1682493361048
102.68030329747837, 1682493362063
95.40262707024559, 1682493363051
144.96214327315084, 1682493365042
163.91089108910893, 1682493367047
160.52995647937155, 1682493368050
161.04015481373972, 1682493369047
160.34750533876917, 1682493370048
165.52116739152717, 1682493371046
163.08385788968315, 1682493372053
121.45409812664265, 1682493373066
102.91536704300842, 1682493374054
106.62978062512133, 1682493375059
96.12061364838652, 1682493376061
105.79499126383224, 1682493377068
107.93956043956044, 1682493378059
111.93223443223444, 1682493379051
103.63610233096412, 1682493380056
106.51562803339155, 1682493381057
100.74296126491505, 1682493382049
107.82117178462123, 1682493383058
98.28626848376452, 1682493384056
103.34156233468524, 1682493385058
102.69790888722927, 1682493386059
114.6476412347117, 1682493387063
101.52475247524751, 1682493388062
106.23733111654113, 1682493389046
106.38659097206121, 1682493390080
112.82663560473695, 1682493391058
121.46476412347117, 1682493393060
99.78217821782178, 1682493395051
134.23232323232324, 1682493396054
162.65688713801921, 1682493397047
161.57357259014816, 1682493398051
164.46466241035102, 1682493399061
99.08926787078788, 1682493400051
95.42912562662164, 1682493401064
103.02105579393536, 1682493402061
94.10487570681745, 1682493403061
107.5466034061123, 1682493404057
101.1188118811881, 1682493405045
100.86322877276854, 1682493406059
113.2112211221122, 1682493407055
108.36128907008346, 1682493408062
103.0364977674238, 1682493409059
104.57591253747134, 1682493410057
105.33415623346852, 1682493411060
111.39612819077453, 1682493412063
102.84660308245213, 1682493413066
104.49633699633699, 1682493414057
95.00640652300524, 1682493415063
108.27690299420739, 1682493416041
99.05230523052305, 1682493420049
112.50673854447437, 1682493421055
103.34231805929917, 1682493422065
104.30259213542584, 1682493423067
119.89573332810859, 1682493424049
153.9047451108816, 1682493425076
161.6381590548404, 1682493426049
160.07497534565073, 1682493427062
112.33376157728124, 1682493428052
107.33791806265796, 1682493429050
98.71274907423734, 1682493430060
102.79962381708106, 1682493431055
109.30171045670959, 1682493432053
105.41350731793335, 1682493433051
105.28125551049196, 1682493434048
100.26602660266026, 1682493437052
98.40183201993668, 1682493438063
99.19674870477198, 1682493439053
96.38330195098322, 1682493440064
98.82190929625244, 1682493441069
98.32732943812326, 1682493442065
96.44688644688644, 1682493443054
97.30046770956665, 1682493444060
105.84928518714447, 1682493445060
96.07039994625958, 1682493446052
94.93034738141421, 1682493447059
98.97574123989216, 1682493448061
105.44877446658437, 1682493449064
104.06534861609052, 1682493450059
103.22406115211618, 1682493451062
104.91404179296812, 1682493452055
104.8749757328674, 1682493453075
95.78022968430305, 1682493454060
92.19044845661038, 1682493455055
95.41417907314573, 1682493456042
119.83420695010678, 1682493459068
86.37682951968667, 1682493460064
125.98659865986599, 1682493461064
120.62176217621762, 1682493462071
118.28771112405359, 1682493463068
122.32199186616398, 1682493464068
130.05940594059405, 1682493465061
121.98090349210082, 1682493466058
182.45250891341385, 1682493467052
136.79245283018867, 1682493469061
95.55633926997002, 1682493471059
112.15495907100703, 1682493472064
103.1946158819726, 1682493473067
100.80232763181097, 1682493474057
96.2124761736823, 1682493475060
95.78303799428822, 1682493476065
101.21002240117035, 1682493477055
99.07163429646236, 1682493478049
94.60622710622711, 1682493481058
109.53598508703428, 1682493482055
102.09240924092407, 1682493483055
96.83253853065175, 1682493484061
95.4219882274899, 1682493485064
112.79029388357549, 1682493486060
104.478927878681, 1682493487061
101.7843497829391, 1682493488055
98.97235447402964, 1682493489060
106.32524707996404, 1682493490060
98.87145124316697, 1682493491057
106.46004480955938, 1682493492057
98.02340054767237, 1682493493065
105.46926300056258, 1682493494062
98.86292082180147, 1682493495058
101.87342263638126, 1682493496062
100.33314296592422, 1682493497064
108.19597069597067, 1682493498056
103.37912087912086, 1682493499047
132.70599793435272, 1682493501059
94.22602260226023, 1682493502061
113.07895495431895, 1682493503070
109.11655792629165, 1682493504059
100.63186813186812, 1682493505082
101.00469388954664, 1682493506063
104.78278048812345, 1682493507060
100.38613861386138, 1682493508061
113.89274587081782, 1682493509052
105.4579693263444, 1682493510053
140.91274739484933, 1682493511049
164.6078431372549, 1682493512052
162.50908968771785, 1682493513048
155.54575912537467, 1682493514051
147.7693528478223, 1682493515064
89.58107665566668, 1682493516060
94.86300392137106, 1682493517066
97.27710968277005, 1682493518064
109.42997212342596, 1682493519061
95.20702655952171, 1682493520060
108.14242889890924, 1682493521056
91.25939023854501, 1682493525062
95.19485099629694, 1682493529061
103.74847805459689, 1682493530057
103.74201241067753, 1682493531056
95.5106598841715, 1682493534061
98.19675710171214, 1682493535062
95.28301886792451, 1682493536069
101.97249923120856, 1682493537060
96.19020423703464, 1682493538064
108.24571126281583, 1682493539056
98.65384615384615, 1682493540046
98.60888921559201, 1682493543062
106.90925426774484, 1682493544064
100.40938417085567, 1682493545064
95.8770812283091, 1682493546089
119.71668723917004, 1682493551070
116.85983827493263, 1682493552069
198.79915358843238, 1682493553076
123.18864005956232, 1682493554080
122.08740665670659, 1682493555074
123.81201956673657, 1682493556078
119.01407973088453, 1682493557068
129.73245482679448, 1682493558058
97.76608611514271, 1682493564059
106.37054390713357, 1682493565062
96.12162128120514, 1682493566066
98.57168047963324, 1682493567058
110.36106842666531, 1682493568062
105.96896490918712, 1682493569064
104.72151547975919, 1682493570057
100.49374008111445, 1682493571062
113.93052371715747, 1682493572065
111.15323576088875, 1682493573068
111.44510828976851, 1682493574054
130.26030514480522, 1682493575057
94.44136589558441, 1682493576061
99.32419569769657, 1682493579072
109.71603078675214, 1682493580059
104.83792936623124, 1682493581058
104.09980603068242, 1682493582049
97.0500709541443, 1682493583057
102.71876128338835, 1682493584054
102.8961046594621, 1682493585060
113.42437482448061, 1682493586061
98.07147475459941, 1682493587065
96.39393405043204, 1682493588058
107.97230689136876, 1682493589064
127.6879025283187, 1682493590064
89.01330061524234, 1682493591061
104.42597584107017, 1682493592052
98.56227106227105, 1682493593071
102.67518116398385, 1682493594062
94.98377170136166, 1682493596069
108.16831683168319, 1682493598063
102.42724272427242, 1682493599056
102.39010989010988, 1682493600058
97.30769230769232, 1682493601062
97.16682042495864, 1682493602063
94.3624300228074, 1682493603062
93.30805854346673, 1682493604051
92.01199083054136, 1682493605063
111.00335037912185, 1682493606058
98.84084439630202, 1682493607076
121.28498375192082, 1682493608068
125.19577465971402, 1682493609071
128.61929113031215, 1682493610076
122.26448682100244, 1682493611079
132.0578381237877, 1682493612074
122.32410509610297, 1682493613069
152.00740074007405, 1682493616064
144.08574735024524, 1682493618060
128.6161616161616, 1682493619065
202.31097787966064, 1682493620067
110.72396157301817, 1682493621071
121.69811320754718, 1682493622051
158.88043596913286, 1682493623058
136.1159113618997, 1682493625061
135.64694225424256, 1682493626054
137.44620127092355, 1682493627061
115.01018748362557, 1682493628065
99.99999999999999, 1682493629053
97.77816963498499, 1682493630057
106.7255947061096, 1682493631061
111.90585350698207, 1682493632056
103.89038634321652, 1682493633065
111.34720507846941, 1682493634062
130.88126916632268, 1682493637052
110.82178217821783, 1682493638069
102.60557053009883, 1682493639060
104.17915711514723, 1682493640063
108.733153638814, 1682493641065
93.49505840071875, 1682493642058
96.66666666666664, 1682493643062
101.05801445953097, 1682493644056
100.85094591530846, 1682493645060
93.34634859057358, 1682493646067
101.42857142857143, 1682493647060
100.16172506738542, 1682493648058
108.56049290515311, 1682493649063
97.9363230440691, 1682493650066
107.30248297520383, 1682493651058
105.03960396039602, 1682493652065
103.8919413919414, 1682493653067
100.82942030222827, 1682493654059
99.05215339530274, 1682493655070
101.57865786578655, 1682493658062
103.10461046104611, 1682493659052
165.879033680127, 1682493660043
148.56244384546272, 1682493661063
105.32130891503138, 1682493662066
99.90301534120965, 1682493663063
106.45388820313877, 1682493664061
110.62271062271063, 1682493665065
99.76897689768978, 1682493666058
101.59730794098633, 1682493667060
131.02045752989147, 1682493668066
101.57988429016466, 1682493669056
93.34653465346535, 1682493670061
97.42768394486508, 1682493671055
105.45759125374713, 1682493672056
90.92681032809166, 1682493673048
95.65132983886622, 1682493674065
92.34039516000368, 1682493675068
99.15128896260973, 1682493676065
92.99947099277023, 1682493677056
91.96886446886448, 1682493678057
96.03960396039601, 1682493681062
98.54862119013059, 1682493682062
90.76062900407688, 1682493683066
91.94093144322999, 1682493684061
102.25742574257426, 1682493685061
88.86684692098198, 1682493686065
90.35472389245973, 1682493687080
125.56109747857325, 1682493688052
105.5971623940236, 1682493689066
89.45512255334155, 1682493690057
89.33286310468465, 1682493691060
105.48567435359887, 1682493692064
136.34388408089148, 1682493693067
137.37766279028418, 1682493694062
94.03305035645012, 1682493695067
88.36080586080585, 1682493696049
102.03953279424977, 1682493697065
88.33663366336631, 1682493698066
98.59547181007243, 1682493699070
88.01708406134729, 1682493700063
81.86750428326673, 1682493702061
92.13725490196079, 1682493704064
87.44444444444444, 1682493705069
95.75757575757576, 1682493706063
86.99449944994498, 1682493707064
92.45634563456343, 1682493708057
94.05211141060197, 1682493709062
106.1444379732091, 1682493710067
94.13123665307708, 1682493711068
109.75136660201022, 1682493712062
96.91731533029366, 1682493713068
115.8100108320528, 1682493714062
94.94798095573972, 1682493715088
93.4712950600801, 1682493716056
105.10491976723682, 1682493717060
101.1635639972794, 1682493720061
95.43634298168094, 1682493721061
100.69348966353915, 1682493722059
95.78775894064204, 1682493723068
99.83196415235248, 1682493724050
104.88036140520434, 1682493726060
92.40827023878859, 1682493728068
100.1868804813091, 1682493729061
98.51152312912707, 1682493730063
107.54222481071636, 1682493731067
102.59902091677793, 1682493732063
96.23529411764706, 1682493733056
98.3710169347623, 1682493734064
103.32417582417584, 1682493735070
97.52475247524752, 1682493736063
100.05592362143233, 1682493737065
108.57115123277033, 1682493738062
100.66006600660066, 1682493739053
95.96191147945687, 1682493740067
97.27774604987628, 1682493741060
95.42878974901544, 1682493742065
101.05981047173077, 1682493743068
97.16148085396775, 1682493745065
95.71428571428571, 1682493746066
105.87594634567792, 1682493747062
96.72897196261682, 1682493748060
104.589599549924, 1682493749053
99.81491010323191, 1682493752064
101.79863857610287, 1682493753059
91.87092223593723, 1682493754064
97.07719307084498, 1682493755068
102.69444148084926, 1682493756061
95.81447963800903, 1682493757060
112.76034013205587, 1682493758072
102.30118144947981, 1682493759071
120.8670680404061, 1682493760075
114.28754761764814, 1682493761071
117.58949038970201, 1682493762073
120.97690001763357, 1682493763077
121.98972655902654, 1682493764070
119.264679950626, 1682493765059
165.4375849349641, 1682493767075
93.18112987769365, 1682493769049
92.82663560473695, 1682493770065
102.26562656265627, 1682493772063
115.85148514851485, 1682493773058
105.60285831842877, 1682493774061
94.20073725134561, 1682493775059
110.051137365544, 1682493776067
96.56321636395697, 1682493777055
107.56757904086417, 1682493778061
94.84276729559747, 1682493779055
101.52530417915712, 1682493780057
105.6209957091636, 1682493781052
90.70512820512818, 1682493782058
93.01863715783344, 1682493783065
101.55126005416959, 1682493784065
97.21160939623374, 1682493785063
102.2073876279484, 1682493786070
102.47848262136594, 1682493787061
111.18825100133512, 1682493788069
97.24919093851136, 1682493789056
97.80625121335662, 1682493791052
107.65132983886622, 1682493792061
97.85301999587713, 1682493793061
133.85026737967917, 1682493795062
112.02768236007273, 1682493796066
90.04243756487757, 1682493799061
94.58401356230628, 1682493800064
93.59233533761835, 1682493801068
90.34291760019917, 1682493802062
94.48650747427683, 1682493803066
94.7129299533586, 1682493804061
99.9282461304163, 1682493805056
98.61192001553096, 1682493806066
95.07141597601834, 1682493807061
97.57326007326007, 1682493808063
101.73044142714393, 1682493809067
110.5292031583691, 1682493810069
95.90063658024825, 1682493811065
112.70821199767036, 1682493812058
120.82096883895508, 1682493813068
120.09330292349159, 1682493814077
109.70858580671666, 1682493815091
92.27834177225817, 1682493816045
127.94860079954312, 1682493819072
118.8684283447112, 1682493820074
112.22006700758243, 1682493821069
116.1674960259866, 1682493822071
115.17043635975674, 1682493823077
112.98690303407285, 1682493824066
155.84100174723355, 1682493825055
129.18332381496288, 1682493827056
88.70122306348281, 1682493828062
137.41467676179383, 1682493829062
111.9555633926997, 1682493830056
96.67054940788196, 1682493831060
96.09163269268103, 1682493832064
99.69141244930348, 1682493833063
94.92153059425146, 1682493834058
97.28104087041837, 1682493835061
94.21870670327732, 1682493836067
102.09404150009522, 1682493837058
94.65152397592699, 1682493838084
94.97997329773031, 1682493839053
94.21490972626674, 1682493840058
116.96757911085227, 1682493841061
94.89179214894646, 1682493843056
91.057255354319, 1682493845053
150.75616131441376, 1682493846069
97.66616878267365, 1682493847062
101.56157758099506, 1682493848066
98.38827838827838, 1682493849069
106.4891310984918, 1682493850066
99.67807530935724, 1682493851066
104.22324105096104, 1682493852058
93.79466445504181, 1682493853063
103.87829474939332, 1682493854063
95.11326860841426, 1682493855060
97.5091575091575, 1682493856064
99.7864492331586, 1682493857059
100.87276135248723, 1682493858060
98.85886766954728, 1682493859060
99.42729567074353, 1682493860077
93.59523389676802, 1682493861058
99.01042060273238, 1682493863058
100.77734204470835, 1682493866063
112.61616161616163, 1682493867060
100.60606060606061, 1682493868054
109.14056436614975, 1682493869064
95.53776168266003, 1682493870060
109.02930402930401, 1682493871062
122.71792158937282, 1682493872065
105.86610239228824, 1682493873064
95.95487037234611, 1682493874061
107.55884155813622, 1682493875053
150.15101250950306, 1682493876055
157.34462094051764, 1682493877047
163.64838652794919, 1682493878046
126.61788044436608, 1682493879059
93.47960803083355, 1682493880065
96.49091870922237, 1682493881065
96.00732600732601, 1682493882065
106.08503203261502, 1682493883064
94.89508023276319, 1682493884065
91.26213592233013, 1682493885057
89.93710691823897, 1682493890066
103.41419586702605, 1682493892066
92.2374486737033, 1682493893059
95.64102564102565, 1682493894080
101.04395604395604, 1682493895062
97.73083834404589, 1682493896056
93.15934065934067, 1682493897069
98.43786716428225, 1682493898063
98.52564102564101, 1682493899064
104.14334093579377, 1682493900062
95.36620099869671, 1682493902066
100.24821228109376, 1682493903067
100.8260070030481, 1682493904059
101.94998462417081, 1682493907064
106.95417789757411, 1682493908063
100.94339622641509, 1682493909061
89.68864468864469, 1682493910058
129.2491456113392, 1682493911055
143.88036491810075, 1682493912062
96.10499533969822, 1682493913069
92.58414541433406, 1682493914066
96.31130815930673, 1682493915070
97.90914385556202, 1682493916066
94.96779773450557, 1682493917064
90.0684875666557, 1682493918070
97.94249775381847, 1682493919062
96.81129877693651, 1682493920067
94.93916416857697, 1682493921062
97.45859508852084, 1682493922063
111.92911303121141, 1682493923065
137.0729759409005, 1682493924045
119.21177922764944, 1682493926080
113.88730249381305, 1682493927075
111.92376805584352, 1682493928078
108.86792452830188, 1682493929074
124.94269088344208, 1682493930075
116.00246870040556, 1682493931064
137.71062271062272, 1682493932074
130.19248047549934, 1682493933068
106.95518553039271, 1682493934074
105.77659101023586, 1682493935073
112.78004495161963, 1682493936075
200.00041984700775, 1682493937077
110.37735849056605, 1682493939076
120.52669384585518, 1682493940075
108.54934461882091, 1682493941065
106.49207778705208, 1682493942054
113.74079309701386, 1682493943048
112.90579057905792, 1682493945063
107.41584158415841, 1682493947066
128.3967396739674, 1682493948074
92.52806677246812, 1682493949076
106.36769559308871, 1682493950080
107.61655103260183, 1682493951092
111.6394279257972, 1682493952074
116.62062344481672, 1682493953076
101.22192273135668, 1682493954073
97.62828425321814, 1682493955074
100.11585216610918, 1682493956071
111.90474844172026, 1682493957072
98.50920724487995, 1682493958074
99.69522909985501, 1682493959069
104.11717370190304, 1682493960071
110.48534798534799, 1682493961073
103.15381159720783, 1682493962090
103.94117081611074, 1682493963072
103.54451171326502, 1682493964071
115.4453865190587, 1682493965070
119.45275201686631, 1682493966064
101.1996336996337, 1682493967044
130.6394252996195, 1682493969052
99.23762376237622, 1682493971067
94.81228122812281, 1682493972070
104.02222671246717, 1682493973073
108.9105910591059, 1682493974064
102.38095238095237, 1682493975071
98.49955076370173, 1682493976067
99.28155780033757, 1682493977070
101.79331674614693, 1682493978072
87.42183489710507, 1682493979075
94.62518858128098, 1682493980070
88.47645917827543, 1682493981068
99.68259566214073, 1682493982073
106.86721025043681, 1682493983074
89.23470287427264, 1682493984070
88.22077235055546, 1682493985063
98.78685230626978, 1682493986068
92.18598330421275, 1682493987072
89.22798532214861, 1682493988074
94.00234985140645, 1682493989069
95.53870569564451, 1682493990057
84.37041351193943, 1682493991060
95.72842729324739, 1682493993061
94.36070665890118, 1682493995068
92.34185840057448, 1682493996070
90.74128187688407, 1682493997067
90.59405940594058, 1682493998068
98.28253507498792, 1682493999070
97.07218585716588, 1682494000064
86.77481925586316, 1682494001065
84.26997759522033, 1682494002071
92.4034561805678, 1682494003074
85.32315157689872, 1682494004068
88.74542124542124, 1682494005069
84.43223443223444, 1682494006065
92.76643168152602, 1682494007059
85.73260073260076, 1682494008069
101.19099454005115, 1682494009064
92.76839448650747, 1682494010068
108.15018315018317, 1682494011072
117.02210914342815, 1682494012068
96.88767413154646, 1682494013068
98.70898854591341, 1682494014059
95.13736263736264, 1682494017070
94.24242424242425, 1682494018065
90.27272727272727, 1682494019066
79.34445088209856, 1682494021066
89.93547417987554, 1682494022065
93.32006616788843, 1682494023071
104.05125218404191, 1682494024062
83.05183459522422, 1682494025066
89.71073577946031, 1682494026069
87.92452830188678, 1682494027066
97.53445932828578, 1682494028068
93.69865571321883, 1682494029070
95.53492707257475, 1682494030066
94.88626344560043, 1682494031068
104.39076000705343, 1682494032070
94.05797527381023, 1682494033073
103.58843237524248, 1682494034069
94.04034169948471, 1682494035094
99.95818646762045, 1682494036061
93.38211955563393, 1682494037050
99.4158415841584, 1682494040066
104.50505050505052, 1682494041062
93.39622641509433, 1682494042066
98.34244401340152, 1682494043068
88.63516134720508, 1682494044062
98.86263445600423, 1682494045065
98.76564979721388, 1682494046068
93.39622641509435, 1682494047069
102.08860322067869, 1682494048063
86.78884214592203, 1682494049067
91.36307529536236, 1682494050060
95.53870569564451, 1682494051063
97.84870393228708, 1682494052067
121.99788397108095, 1682494053068
92.12660906365721, 1682494054066
98.06316178384597, 1682494055053
160.78683750728013, 1682494057058
132.21312131213122, 1682494058065
101.75247524752476, 1682494060063
103.88711153655608, 1682494061069
91.8621054487745, 1682494062067
99.75312995944279, 1682494063076
108.25780285663905, 1682494064079
111.92078606555772, 1682494065072
100.47627444559203, 1682494066075
101.8343815513627, 1682494067068
105.43114089225887, 1682494068072
113.54678355207362, 1682494069078
104.1484942886812, 1682494070066
94.9127138070887, 1682494071076
108.83503184772802, 1682494072075
98.18481945179178, 1682494073071
97.90720248495437, 1682494074062
93.11769991015271, 1682494075046
105.4851485148515, 1682494078074
99.42424242424242, 1682494079069
127.2596585804133, 1682494080073
95.92998140256847, 1682494081066
100.67938243304141, 1682494082061
95.81634634051642, 1682494083072
85.92630845319967, 1682494084066
90.13768688954298, 1682494085069
93.87233292188326, 1682494086063
92.36802109311368, 1682494087067
91.13912890142832, 1682494088070
93.19344031035091, 1682494089069
92.99065420560748, 1682494090066
100.95893056570186, 1682494091069
91.06993805737385, 1682494092070
89.59619114794569, 1682494093073
100.6700758243696, 1682494094070
98.44302069659149, 1682494095054
93.98148381396487, 1682494100070
94.2714890287706, 1682494101072
106.60818197848704, 1682494102099
105.14891973364905, 1682494103076
103.35037912184802, 1682494104059
91.61842624547613, 1682494105065
103.37127817290046, 1682494106067
151.97134964019114, 1682494107077
167.19077568134173, 1682494108076
140.1230804828054, 1682494109069
103.78710397930995, 1682494112052
110.12521840419336, 1682494114062
103.35099980586293, 1682494116067
115.06339205378177, 1682494117072
96.95832469417377, 1682494118062
102.59213542585084, 1682494119071
99.77958032093106, 1682494120069
101.83428412440406, 1682494121063
93.39002135507668, 1682494122071
104.69542898567764, 1682494123075
91.72696800055293, 1682494124072
94.15917239757833, 1682494125073
92.94519071649098, 1682494126074
101.97318404865572, 1682494127070
98.96664423723925, 1682494128071
98.32017497066042, 1682494129066
86.57236902872593, 1682494130067
96.67656106114934, 1682494131071
96.78187268559337, 1682494132067
86.58010228764945, 1682494133055
96.49723967256804, 1682494135064
91.0989098909891, 1682494137070
90.8019801980198, 1682494138065
89.77538185085355, 1682494139069
92.99850634802092, 1682494140063
90.80620637224412, 1682494141075
112.94834050970705, 1682494142094
115.30901258700074, 1682494143073
121.25046885042588, 1682494144077
125.52165990712984, 1682494145068
119.17164550659697, 1682494146072
126.52476972865324, 1682494147066
120.58642615246391, 1682494148070
110.18889536012426, 1682494149069
114.30790137837312, 1682494150075
107.30029977076354, 1682494151078
130.05241700640653, 1682494152070
101.94174757281552, 1682494153075
108.3116132481324, 1682494154068
97.33341170477478, 1682494155073
104.64166057888507, 1682494156066
97.63239875389408, 1682494157064
106.89612274517935, 1682494159060
107.8180818081808, 1682494161071
111.75837583758377, 1682494162069
101.95107746068723, 1682494163077
100.27332040204551, 1682494164070
102.45938479947618, 1682494165066
89.46393934050431, 1682494166066
110.0091575091575, 1682494172070
98.77693651718111, 1682494175069
108.7727032269441, 1682494176068
102.50396755422325, 1682494178064
102.41949655142116, 1682494179071
107.19634565164453, 1682494180062
103.27095860114727, 1682494181067
97.24607916355488, 1682494184092
110.61331250892175, 1682494185059
99.34342387172573, 1682494186064
99.09674114752583, 1682494187068
101.18001190358767, 1682494188061
108.35662719157864, 1682494189059
99.55128205128207, 1682494190056
94.84449512751398, 1682494191060
106.51294498381876, 1682494192067
108.50417841072047, 1682494193066
100.14851485148513, 1682494194059
98.99235514642268, 1682494195061
113.7831574174371, 1682494196066
112.37196765498652, 1682494197060
105.39108748771947, 1682494198065
96.05175873911544, 1682494199067
99.55128205128204, 1682494200070
106.26873567272085, 1682494201059
101.12599495243643, 1682494203063
101.90739662201511, 1682494205066
101.81129877693652, 1682494206063
101.03861752777287, 1682494207065
96.51795767812074, 1682494208093
112.7882605507838, 1682494209069
110.43748058207589, 1682494210063
103.86913401064345, 1682494211065
100.94339622641508, 1682494212068
105.95884294311783, 1682494213073
115.34474929643329, 1682494214069
105.29713005441161, 1682494215059
96.31418895569838, 1682494216064
96.45846292072706, 1682494217065
105.40771342922638, 1682494218071
103.94343260710995, 1682494219066
102.85714285714285, 1682494220067
101.88679245283016, 1682494221070
103.89487870619945, 1682494222066
120.6091980082458, 1682494223067
100.4536363984065, 1682494224057
111.03319743739081, 1682494227069
100.14141414141415, 1682494228063
105.59185959671396, 1682494229068
110.07637017070981, 1682494230071
101.22209279751503, 1682494231074
106.17821782178218, 1682494232066
102.06312819608534, 1682494233070
94.04398970348538, 1682494234065
98.9027718299452, 1682494235067
99.8501146182331, 1682494236071
106.35690354434844, 1682494237063
102.80281465433998, 1682494238066
102.83018867924527, 1682494239071
105.25480514900372, 1682494240073
101.79199099848014, 1682494241066
101.50254847133706, 1682494242070
109.9384784184643, 1682494243072
103.06246770552885, 1682494244063
95.58768092748673, 1682494245056
105.35325927232115, 1682494247075
98.43434343434343, 1682494248069
106.24242424242424, 1682494249074
99.07183071248302, 1682494250068
109.31539746916224, 1682494251086
103.070011749257, 1682494252067
97.79641879156442, 1682494253071
96.84065934065936, 1682494254061
96.98582799456416, 1682494256070
99.0909956215496, 1682494257060
94.54558020595756, 1682494258074
104.61117968612236, 1682494259070
96.68488802680304, 1682494260071
100.86557991601194, 1682494261063
95.0744263351345, 1682494262064
101.69651778891772, 1682494263071
101.4019461406669, 1682494264074
100.11821025751549, 1682494265067
93.31910807638964, 1682494266069
103.72537839518972, 1682494267067
95.88827838827838, 1682494268056
105.195239683877, 1682494271069
108.45454545454545, 1682494272071
111.13812126860972, 1682494273069
109.74568045039798, 1682494274067
97.18054746651134, 1682494275067
102.10355987055016, 1682494276065
106.82882557596012, 1682494277067
93.35609374444326, 1682494278059
97.92755787901417, 1682494279073
107.42574257425741, 1682494280065
109.95090717392262, 1682494281059
102.49084249084248, 1682494282065
94.64181712288874, 1682494283069
117.57561638516792, 1682494284061
109.86052682402533, 1682494285061
104.13297394429469, 1682494286064
104.3554928584024, 1682494287062
105.72881242075388, 1682494288074
102.95001301525723, 1682494289064
112.49450863242983, 1682494290071
99.87179487179489, 1682494291065
114.47587644693343, 1682494292067
105.88912562784635, 1682494294062
118.10521052105211, 1682494297064
125.85941229169937, 1682494298068
119.22185555583543, 1682494299069
110.67712925409981, 1682494300062
100.99083893829089, 1682494301069
101.35098370153918, 1682494302069
96.07501826334482, 1682494303072
108.04029304029302, 1682494304064
101.39695210449928, 1682494305072
101.65016501650166, 1682494306073
101.37837313143078, 1682494307064
138.10422282120393, 1682494308060
154.4675936095125, 1682494309062
147.07399756861932, 1682494310055
149.76363259382128, 1682494311058
171.14483882073372, 1682494312062
155.60396039603958, 1682494313067
152.24460473270204, 1682494314059
152.9159727528622, 1682494315045
157.1649951989758, 1682494317061
150.63886184536818, 1682494318074
90.76823605478164, 1682494319070
108.06752819272658, 1682494322070
124.7357902780227, 1682494323076
133.9181802151296, 1682494324075
122.75286352164628, 1682494325082
111.90723433714089, 1682494326071
127.49494084355662, 1682494327077
126.8423819693437, 1682494328079
116.47949887061155, 1682494329073
62.194719471947195, 1682494330119
51.55902273826801, 1682494331080
146.63851679285577, 1682494337071
151.480716426934, 1682494338073
137.18954413011897, 1682494339073
143.7651039961038, 1682494340070
143.53905836713102, 1682494341072
137.4870477198109, 1682494342076
134.4824545935461, 1682494343077
146.48571260632627, 1682494344071
140.5395873743608, 1682494345075
140.06260682017393, 1682494347075
115.7131914207386, 1682494348074
122.48683779630701, 1682494349067
125.71138410496549, 1682494350072
129.9743053631257, 1682494351065
126.92307692307693, 1682494354065
145.42912562662167, 1682494355069
113.25247079964062, 1682494356068
114.6799506259919, 1682494357076
140.1796945193172, 1682494358080
150.16784550376508, 1682494359057
143.68718039146535, 1682494361068
145.25143141648, 1682494362074
140.97069597069597, 1682494363089
147.8645901975428, 1682494364072
134.8057367895139, 1682494365073
144.3043554928584, 1682494366077
144.82600732600733, 1682494367078
134.5604395604396, 1682494368074
139.6592521685098, 1682494369065
137.38840233285663, 1682494370049
139.00269541778977, 1682494372077
137.40081114441898, 1682494373078
126.66700254427289, 1682494374069
124.15144721263573, 1682494375104
118.75750476526355, 1682494376071
122.620097236567, 1682494377072
117.33462926109729, 1682494378074
120.85170163992242, 1682494379073
121.6590674358264, 1682494380074
119.23822958913772, 1682494381066
121.61925194459143, 1682494382070
124.23734791042145, 1682494383072
120.11174461359616, 1682494384073
126.43029280130321, 1682494385069
128.19196984245528, 1682494386054
136.2550960978451, 1682494388058
126.56273994746414, 1682494389071
139.43434343434342, 1682494390063
126.61386138613862, 1682494392072
154.0970350404313, 1682494393077
136.61460563770564, 1682494394069
144.03985187797565, 1682494395073
183.51326110098813, 1682494396076
177.2779639099512, 1682494397101
157.05032286234893, 1682494398077
156.27170725654238, 1682494399079
135.14216366158112, 1682494400072
130.4147948487571, 1682494401074
148.93316875330635, 1682494402076
152.29799061222087, 1682494403076
140.85699171222006, 1682494404070
138.55232182270197, 1682494405066
134.8757672704067, 1682494406069
142.59324342134164, 1682494407061
120.25564146495041, 1682494409068
119.6930693069307, 1682494410070
122.19891989198919, 1682494412066
154.3378592840769, 1682494413068
122.69093475670799, 1682494414064
114.83529401885953, 1682494415067
114.85628636924706, 1682494416070
128.8012352488447, 1682494417075
126.11614461023738, 1682494418070
127.15646004480956, 1682494419104
149.65614530065244, 1682494420070
148.3481539327069, 1682494421068
142.73496737788753, 1682494422074
136.70134602950685, 1682494423075
148.1132075471698, 1682494424082
138.11925334408141, 1682494426054
154.7619047619048, 1682494428069
141.65346534653463, 1682494430066
148.71518418688225, 1682494431062
127.06753658966673, 1682494432074
134.70599980033944, 1682494433064
126.20801646546666, 1682494434073
135.09162927695814, 1682494435067
148.37771116205255, 1682494436062
123.2851348968436, 1682494439064
124.24616469758422, 1682494440058
137.03620667295502, 1682494441059
140.52783165814378, 1682494442072
137.36554399576795, 1682494443103
160.7123964027508, 1682494444051
160.73737373737376, 1682494446055
158.85858585858585, 1682494447061
144.6672667266727, 1682494448062
142.7074707470747, 1682494450063
132.76237623762376, 1682494451060
154.07276850133997, 1682494452060
150.62893081761007, 1682494453057
150.32622112502204, 1682494454062
128.50055839652032, 1682494455063
136.74004192872115, 1682494456061
148.32546353442143, 1682494457065
145.45787545787547, 1682494458062
157.7662588983344, 1682494459074
84.48310768889151, 1682494461060
123.2410509610298, 1682494465068
131.43266260441362, 1682494466054
128.53150894413034, 1682494467039
115.7128712871287, 1682494470068
119.79939709969688, 1682494471066
132.62211250220417, 1682494472062
124.01098901098902, 1682494473076
135.56221712807854, 1682494474069
147.6338262337204, 1682494475098
137.41844471874447, 1682494476070
120.16072676450035, 1682494478072
114.43030959518352, 1682494479070
104.24079065588501, 1682494480067
104.60334254197771, 1682494481068
121.69811320754717, 1682494482070
128.76917103475054, 1682494483075
95.56462241356586, 1682494484067
97.60989010989009, 1682494485051
102.68418046830382, 1682494487058
105.9061017466681, 1682494489061
101.66129470089865, 1682494490070
106.26782678267826, 1682494491071
111.50565056505651, 1682494492066
121.98376034062572, 1682494493069
103.91094754302301, 1682494494067
97.7781926811053, 1682494495067
104.55525606469004, 1682494496071
107.31793334508906, 1682494497068
98.44905475259559, 1682494498064
112.29507913470178, 1682494499071
124.49336128581412, 1682494500071
99.04285463251767, 1682494501065
103.85271792992985, 1682494502065
97.4035821346701, 1682494504064
95.98836184094517, 1682494505067
108.74793158488191, 1682494506067
113.90083217753121, 1682494507101
103.82253906676408, 1682494508067
110.03714838620499, 1682494509062
100.65261018884718, 1682494510052
110.26135248722342, 1682494512064
106.42574257425743, 1682494514065
103.9144322595525, 1682494515069
116.46534653465346, 1682494516070
113.68593951030913, 1682494517067
98.67607311782072, 1682494518065
98.75112309074575, 1682494519075
104.85019026281161, 1682494520078
102.51036699149907, 1682494521074
100.48534265191225, 1682494522075
103.03289081458718, 1682494523079
103.74088694477044, 1682494524072
113.33571713134403, 1682494525074
105.38888103544791, 1682494526071
105.66507964497737, 1682494527073
112.37646001796946, 1682494528078
123.5016080140397, 1682494529080
109.20287322849931, 1682494530073
110.78487201098784, 1682494531076
147.3063011612412, 1682494532072
113.54105998835175, 1682494533075
111.02980074061014, 1682494534060
117.27761599689381, 1682494535045
124.5098039215686, 1682494537085
123.76800621238593, 1682494539075
134.24435121322614, 1682494540079
131.65820029027577, 1682494541080
125.9912638322656, 1682494542075
116.2533692722372, 1682494543078
123.22350453206371, 1682494544072
122.39926739926743, 1682494545065
126.3003663003663, 1682494546077
109.22546852058134, 1682494547085
115.30098831985624, 1682494548074
109.25876010781671, 1682494549077
108.4471398622342, 1682494550079
105.38754677795413, 1682494551075
110.6891300209404, 1682494552075
114.08637402860788, 1682494553078
107.49426908834423, 1682494554075
97.33400903303814, 1682494555075
98.82785712886225, 1682494556071
114.21763770820377, 1682494557069
105.5711440662897, 1682494558061
102.10799206705363, 1682494559053
108.48555532517797, 1682494562071
111.88118811881188, 1682494563075
101.24860721366255, 1682494564075
102.83917340521113, 1682494565078
104.65014805306913, 1682494566074
101.04096867101629, 1682494567077
100.57676424410002, 1682494568080
111.58905010846757, 1682494569085
92.71733380356197, 1682494570107
71.77484258069694, 1682494571082
121.4317855906641, 1682494572086
121.65873155822021, 1682494573079
142.07387627948378, 1682494574083
148.69511549991182, 1682494575077
136.9901727810386, 1682494576077
134.93815653575837, 1682494577067
133.3098219008993, 1682494578075
114.12902738242184, 1682494579060
124.11058149921656, 1682494582077
128.67326732673268, 1682494583079
121.60566289644053, 1682494584077
99.83013007183072, 1682494585074
103.51871160845381, 1682494586079
109.89243519661437, 1682494587078
108.2129683556591, 1682494588078
106.21794871794874, 1682494589073
108.1043956043956, 1682494590073
110.53716028370395, 1682494591071
116.3615218614337, 1682494592080
104.37779072024848, 1682494593072
107.9579068371187, 1682494594078
108.76481010319841, 1682494595080
108.53601242477188, 1682494596074
104.71402820812096, 1682494597077
113.6575422248107, 1682494598079
109.91441185498672, 1682494599075
114.90082590168255, 1682494600077
102.2835478751543, 1682494601071
112.48478184373373, 1682494602076
112.33214719793817, 1682494603075
102.77777777777779, 1682494604063
111.85995402289595, 1682494607080
121.23310489244241, 1682494608077
118.05011484210969, 1682494609077
108.85531135531134, 1682494610074
127.74359242760049, 1682494611084
132.64323726587884, 1682494612077
103.68131868131869, 1682494613076
100.40557220948688, 1682494614074
126.0042159098763, 1682494615078
114.13330982190091, 1682494616079
114.29608127721335, 1682494617084
111.78804443660731, 1682494618078
119.34981684981685, 1682494619080
109.56529040817527, 1682494620078
116.56144170295114, 1682494621078
104.29278507519513, 1682494622075
125.83711900601826, 1682494623075
118.2512392484179, 1682494624063
102.55686827719981, 1682494625050
109.37623762376236, 1682494628071
97.16281628162817, 1682494629074
101.27583108715183, 1682494630078
93.22723358748033, 1682494631079
109.18595967139655, 1682494632076
95.04496561453007, 1682494633075
95.21524591912943, 1682494634078
94.24441910290965, 1682494635072
99.0054188742689, 1682494636078
95.78722578140165, 1682494637078
95.96191147945687, 1682494638076
116.01128548756833, 1682494639063
52.84712366153808, 1682494641079
25.842490842490847, 1682494642078
26.664725296059004, 1682494643085
38.508215085884984, 1682494644076
27.748645077826254, 1682494645078
19.333457804331587, 1682494647074
32.644146767617926, 1682494648120
33.86544743095615, 1682494649081
28.517520215633425, 1682494650069
42.331586099786435, 1682494651064
47.932893289328945, 1682494652064
26.997759522031373, 1682494653055
22.98139813981399, 1682494655067
34.59697146185209, 1682494657075
29.148298360077575, 1682494658079
26.07445143852911, 1682494659077
25.366400483663753, 1682494660080
37.78211619685787, 1682494661070
20.426789087554354, 1682494662074
27.821782178217816, 1682494663078
22.61696757911085, 1682494664081
34.932614555256066, 1682494665074
20.851485148514854, 1682494666077
26.538913171728368, 1682494667078
21.872451951077466, 1682494668076
36.73450336071693, 1682494669077
27.44868339207963, 1682494670080
24.405650983320882, 1682494671073
47.33943241224796, 1682494672069
29.6886446886447, 1682494673083
44.04761904761904, 1682494674087
23.523188150238028, 1682494675077
24.22516803584766, 1682494676078
34.2591056742, 1682494677071
23.406426879124226, 1682494678076
28.970297029702976, 1682494679072
37.80198019801979, 1682494680072
38.25091575091575, 1682494681076
25.35750433981147, 1682494682068
28.50063989837021, 1682494683073
24.972705288239283, 1682494684058
23.46408080161352, 1682494686062
24.970497049704974, 1682494687065
21.782178217821766, 1682494689072
41.7718916303822, 1682494690077
21.73422636381285, 1682494691080
30.32379570115421, 1682494692079
22.641845311568474, 1682494693098
30.53113553113556, 1682494694071
24.376546735198914, 1682494695075
25.80217433508055, 1682494696077
24.493034738141418, 1682494697082
34.22282120395327, 1682494698076
24.122662507870942, 1682494699079
43.70335857115121, 1682494700082
22.848503697560304, 1682494701072
32.10546354464117, 1682494702078
25.35730498323302, 1682494703080
27.053771471247188, 1682494704075
26.469842389433325, 1682494705078
37.301512372954036, 1682494706080
23.387390138214258, 1682494707075
27.357493030856475, 1682494708076
31.018128993794647, 1682494709079
34.40579860391178, 1682494710075
23.984227746363686, 1682494711066
34.03952320285842, 1682494712057
34.83009708737862, 1682494714065
23.87128712871288, 1682494715070
25.001800180017995, 1682494716071
22.861386138613867, 1682494718072
38.66336633663367, 1682494719073
31.614175804045743, 1682494720077
23.714618520675614, 1682494721070
19.42809237212434, 1682494722076
30.946922941280192, 1682494723076
26.877289377289387, 1682494724079
26.299257567104476, 1682494725084
41.814201408718816, 1682494726078
33.77711162052549, 1682494727073
25.368718972139902, 1682494728084
28.366074642872633, 1682494729077
39.750610877396284, 1682494730080
34.597069597069606, 1682494731075
29.202726647044173, 1682494732079
27.243223652418393, 1682494733077
22.921423236957224, 1682494734075
34.64115676247576, 1682494735078
23.911120326214657, 1682494736079
28.79304989322462, 1682494737102
36.56707435449425, 1682494739081
34.953483583652485, 1682494740072
26.785714285714292, 1682494741080
24.253174010455552, 1682494742065
33.68185212845407, 1682494743058
22.49190938511326, 1682494745066
23.881188118811878, 1682494747073
35.851485148514854, 1682494748078
27.922490131228002, 1682494749073
28.550898779198306, 1682494750076
17.725279095585194, 1682494751083
41.4972972011807, 1682494752084
19.95049504950495, 1682494753079
23.864468864468876, 1682494754064
23.54997438933252, 1682494755075
68.89487870619945, 1682494756076
25.888796737853355, 1682494757081
23.611859838274924, 1682494758076
25.481808603475997, 1682494759076
37.86163522012579, 1682494760079
24.65408805031447, 1682494761082
25.64361738890041, 1682494762077
23.435020278610466, 1682494763077
35.19893394250903, 1682494764082
23.443746430611085, 1682494765079
28.411214953271028, 1682494766079
35.661830079305815, 1682494767072
43.51023337627882, 1682494768123
38.08428150946709, 1682494769164
55.910891089108915, 1682494770167
50.831683168316815, 1682494771180
97.38318030722371, 1682494772186
49.16321632163216, 1682494773178
43.80354083380924, 1682494774050
19.861386138613852, 1682494775055
29.126213592233, 1682494779066
25.52940045575089, 1682494780067
33.822065047079306, 1682494781071
21.071428571428598, 1682494782090
23.567607963658048, 1682494783067
23.621852197059397, 1682494784077
52.27179188507084, 1682494785072
21.900990099009903, 1682494786067
29.615608619685503, 1682494787064
21.980198019801975, 1682494788066
49.41758881770531, 1682494789068
25.517125559446143, 1682494790074
34.123358081096484, 1682494791069
31.768190338107445, 1682494792068
35.9761862777204, 1682494793069
21.81491464510333, 1682494794072
28.099100687709395, 1682494795068
21.694816540477575, 1682494796063
34.78222535707985, 1682494797073
25.888278388278422, 1682494798065
31.44219333412495, 1682494799067
27.110881693977078, 1682494800072
37.19883889695211, 1682494801056
45.16900290828626, 1682494802056
33.891089108910876, 1682494805065
29.702970297029694, 1682494807065
19.048828529960602, 1682494811069
42.69306930693068, 1682494812070
21.151515151515156, 1682494813065
20.890179003386564, 1682494816071
125.07494269088343, 1682494820051
115.91900311526477, 1682494821066
123.708340680656, 1682494822067
171.07833505470603, 1682494823070
172.86192911303124, 1682494824067
106.32583486577494, 1682494825069
106.86869704679616, 1682494826045
138.17507211996076, 1682494829068
144.31317228002115, 1682494832069
118.26838300123435, 1682494833059
116.3615218614337, 1682494834064
115.93596493437789, 1682494835065
103.40327984482455, 1682494836060
150.66579338489055, 1682494837062
75.21601128548755, 1682494838060
97.83107035796154, 1682494839060
111.34157912856556, 1682494840057
85.46993475577499, 1682494841050
90.0370305060836, 1682494842059
92.73286814284872, 1682494843063
89.30523717157466, 1682494844045
105.29298848252171, 1686798809296
123.24986774819257, 1686798810086
92.21015861819953, 1686798814179
127.11497930154253, 1686798815078
121.3381089315669, 1686798816158
123.90853665232082, 1686798817169
134.28342378703866, 1686798818076
122.8442955387057, 1686798819159
132.60842548975154, 1686798820112
126.39990987284234, 1686798821075
147.70763533768297, 1686798822078
105.23053807034388, 1686798823084
116.39692023187168, 1686798825173
103.02415799682596, 1686798826081
137.08272859216254, 1686798827078
123.90230999823667, 1686798828074
119.56570864038682, 1686798829179
125.35489667565137, 1686798830076
118.3362706475914, 1686798831075
114.33854503418955, 1686798832172
120.02747252747254, 1686798833108
188.564627049903, 1686798834226
114.33063791554356, 1686798836195
135.63186813186815, 1686798837095
87.07350308214353, 1686798840185
128.25052351037502, 1686798842198
132.175221603793, 1686798843098
127.82658265826583, 1686798845076
126.51392632524708, 1686798846179
126.17091131991502, 1686798847080
137.29022344257749, 1686798848179
127.25090315550551, 1686798849196
132.65049415992814, 1686798850088
124.52830188679246, 1686798851198
167.65607812513122, 1686798852096
147.0685442224853, 1686798853174
142.5560285831843, 1686798854079
140.96128170894528, 1686798855092
121.6909758084154, 1686798856192
124.45642407906558, 1686798857081
121.74958645069738, 1686798858075
112.00149465534757, 1686798859073
117.48368894374887, 1686798860053
113.99543013620685, 1686798862184
94.47474747474747, 1686798863085
132.78383756958965, 1686798864080
121.68014375561545, 1686798865178
127.27913948157293, 1686798866076
155.5128205128205, 1686798867069
167.24076546506456, 1686798868170
171.47727368147048, 1686798869075
161.69897712350541, 1686798870198
144.80638521989252, 1686798871088
127.76263045130968, 1686798872090
130.42429738603252, 1686798873203
132.47079964061095, 1686798874097
131.59054840416152, 1686798875085
129.81258029574025, 1686798876173
137.1886446886447, 1686798877187
151.1996336996337, 1686798878085
116.42596172150712, 1686798880100
143.23232323232324, 1686798881100
123.11471147114713, 1686798883192
125.68866886688669, 1686798884092
127.1616161616162, 1686798885197
121.14106019766398, 1686798886098
138.7912087912088, 1686798887204
121.67582417582418, 1686798888096
134.99084249084245, 1686798889141
124.16666666666666, 1686798890095
128.91919191919192, 1686798891186
129.4072407240724, 1686798892200
137.49084249084245, 1686798893088
131.88946975354742, 1686798894183
141.65210638710928, 1686798895101
122.51790185827878, 1686798896091
140.23809523809524, 1686798897202
145.99272824982575, 1686798898082
127.05202873228498, 1686798899081
130.7176864750485, 1686798900144
143.85634805446125, 1686798901186
136.5790035207511, 1686798902091
131.60098991052735, 1686798903156
134.44718744489506, 1686798904084
126.3863768042925, 1686798905122
119.01780991006878, 1686798906067
173.12250048534264, 1686798909095
166.4869721473495, 1686798910190
129.70585518637006, 1686798911106
165.79212534952265, 1686798912122
123.98351648351647, 1686798913095
116.01808385788968, 1686798914205
114.15094339622641, 1686798915076
150.48914921556434, 1686798916172
167.00464350790574, 1686798917077
170.50784694057484, 1686798918171
143.64779874213838, 1686798919103
116.35151012509503, 1686798920087
117.18391818021513, 1686798921178
123.21060272303438, 1686798922086
120.79367878345133, 1686798923182
127.40408595107944, 1686798924067
128.08761080189652, 1686798927169
120.85356672951454, 1686798928092
129.48291642525464, 1686798929085
121.1229179625406, 1686798930186
121.37659436901194, 1686798931085
125.63957070966417, 1686798932098
112.8661275831087, 1686798933181
123.5819667313231, 1686798934083
110.90140991084387, 1686798935182
130.9613656783468, 1686798936080
115.75559865984836, 1686798937179
130.3683737646002, 1686798938085
118.45597064429722, 1686798939079
113.81397418780597, 1686798940176
126.03263237542907, 1686798941079
114.86661460563771, 1686798942054
110.65569543724884, 1686798944181
93.04240424042405, 1686798945091
156.86209029066174, 1686798946086
147.959595959596, 1686798947181
141.08500850085008, 1686798948092
131.29380053908358, 1686798949208
119.70106893048174, 1686798950093
128.0252609026194, 1686798951089
157.85265049415995, 1686798952186
144.98677481925586, 1686798953078
116.02245341797449, 1686798954187
124.84276729559748, 1686798955086
128.57142857142856, 1686798956196
150.48984034833092, 1686798957107
150.9874801622289, 1686798958098
144.47145460194307, 1686798959198
145.04949996221376, 1686798960084
112.21309754725378, 1686798961192
123.78760779571923, 1686798962091
139.20836445108287, 1686798965103
152.4350803490285, 1686798966097
132.45501339311954, 1686798967205
117.38095238095241, 1686798968094
128.79604672057502, 1686798969194
116.0745486313337, 1686798970098
123.06448268712418, 1686798971183
117.18277006012856, 1686798972085
111.3736554399577, 1686798973192
125.83409605539741, 1686798974102
112.41428823336777, 1686798975097
115.22348456222554, 1686798976189
119.18860367282164, 1686798977093
122.94329546313325, 1686798978199
125.11552790163266, 1686798979089
113.52339484414956, 1686798980086
114.84972170686459, 1686798982209
127.00760076007602, 1686798983087
117.12341234123413, 1686798984135
119.73608177144243, 1686798986168
121.68688230008986, 1686798987187
127.36092567868272, 1686798988098
126.22292103424178, 1686798989091
121.91011818370308, 1686798990196
115.54357592093442, 1686798991086
126.8249360702191, 1686798992184
118.33782569631627, 1686798993094
114.55651560571329, 1686798994189
122.10691823899371, 1686798995095
115.7950642785769, 1686798996182
128.9839702412441, 1686798997093
130.74413683653677, 1686798998150
120.81996120613648, 1686798999172
122.64150943396224, 1686799000096
116.0222854791714, 1686799001062
127.32323232323232, 1686799003147
123.83548354835484, 1686799005188
117.09729952587095, 1686799006083
127.50896373361549, 1686799007195
119.86774819255864, 1686799008084
127.90284149507451, 1686799009177
119.54212454212454, 1686799010087
123.58490566037734, 1686799011197
120.41967906894727, 1686799012095
112.82656023222061, 1686799013210
122.61424270329225, 1686799014081
126.02063031308313, 1686799015179
119.77025971735898, 1686799016087
122.55334156233468, 1686799017200
122.54939500046184, 1686799018089
119.87572528570588, 1686799019104
122.23593722447542, 1686799020093
116.18073573989639, 1686799021073
124.44444444444444, 1686799024087
128.55685568556856, 1686799025190
122.80669016518073, 1686799026092
124.663928304705, 1686799027190
119.38291405730496, 1686799028084
129.90116801437557, 1686799029115
119.33513027852649, 1686799030088
117.58241758241758, 1686799031089
112.45283018867924, 1686799032178
126.38587298788322, 1686799033187
125.44069778911324, 1686799034091
118.28883421547856, 1686799035188
125.65323995935881, 1686799036088
128.30390205809005, 1686799037181
140.25745018515255, 1686799038083
120.53214208742334, 1686799039111
119.48509962969493, 1686799040077
139.32849310059504, 1686799043078
130.1133586920926, 1686799044186
120.78620550671337, 1686799045081
152.77770780327648, 1686799046164
147.4099638091879, 1686799047175
138.62792867509853, 1686799048088
118.77507213294552, 1686799049134
119.45864926820667, 1686799050187
125.96758587324624, 1686799051087
116.14187566973672, 1686799052081
121.24845706224653, 1686799053182
128.09910068770938, 1686799054088
