0, 1682326613975
59, 1682326614988
60, 1682326615998
60, 1682326617004
59, 1682326618015
60, 1682326619022
59, 1682326620026
59, 1682326621034
59, 1682326622053
59, 1682326623056
60, 1682326624058
59, 1682326625066
60, 1682326626074
59, 1682326627085
60, 1682326628094
60, 1682326629106
59, 1682326630119
60, 1682326631129
60, 1682326632141
59, 1682326633155
60, 1682326634168
60, 1682326635179
60, 1682326636192
59, 1682326637202
60, 1682326638215
60, 1682326639226
59, 1682326640239
60, 1682326641254
60, 1682326642268
60, 1682326643280
59, 1682326644292
60, 1682326645303
59, 1682326646310
35, 1682326647315
59, 1682326648318
60, 1682326649327
59, 1682326650337
60, 1682326651344
59, 1682326652353
60, 1682326653359
59, 1682326654371
60, 1682326655381
59, 1682326656385
60, 1682326657394
59, 1682326658404
54, 1682326659415
42, 1682326660427
57, 1682326661438
60, 1682326662450
54, 1682326663462
55, 1682326664470
60, 1682326665477
59, 1682326666483
59, 1682326667492
60, 1682326668500
59, 1682326669503
60, 1682326670517
59, 1682326671527
60, 1682326672534
43, 1682326673543
57, 1682326674551
60, 1682326675560
59, 1682326676565
59, 1682326677570
60, 1682326678577
59, 1682326679583
59, 1682326680593
59, 1682326681603
59, 1682326682608
60, 1682326683614
59, 1682326684622
60, 1682326685630
58, 1682326686638
59, 1682326687644
60, 1682326688653
59, 1682326689661
60, 1682326690667
59, 1682326691672
60, 1682326692679
59, 1682326693687
59, 1682326694694
60, 1682326695703
48, 1682326696710
3, 1682326697721
55, 1682326698728
60, 1682326699734
59, 1682326700743
60, 1682326701752
59, 1682326702761
60, 1682326703772
60, 1682326704780
59, 1682326705791
58, 1682326706797
59, 1682326707801
59, 1682326708811
60, 1682326709818
59, 1682326710828
60, 1682326711838
57, 1682326712847
60, 1682326713858
60, 1682326714867
59, 1682326715877
60, 1682326716882
59, 1682326717888
59, 1682326718892
60, 1682326719900
59, 1682326720912
60, 1682326721917
59, 1682326722925
60, 1682326723933
59, 1682326724942
58, 1682326725949
60, 1682326726956
59, 1682326727963
59, 1682326728971
59, 1682326729979
58, 1682326730983
60, 1682326731992
60, 1682326733000
59, 1682326734008
59, 1682326735012
60, 1682326736021
59, 1682326737049
56, 1682326738041
56, 1682326739042
55, 1682326740049
56, 1682326741055
58, 1682326742065
60, 1682326743068
59, 1682326744075
59, 1682326745083
58, 1682326746090
59, 1682326747101
60, 1682326748110
60, 1682326749122
59, 1682326750132
60, 1682326751137
57, 1682326752147
59, 1682326753157
59, 1682326754164
60, 1682326755172
59, 1682326756184
60, 1682326757192
59, 1682326758201
60, 1682326759210
59, 1682326760219
60, 1682326761227
59, 1682326762233
60, 1682326763240
59, 1682326764251
60, 1682326765261
59, 1682326766269
60, 1682326767279
60, 1682326768285
59, 1682326769295
60, 1682326770303
59, 1682326771312
59, 1682326772319
60, 1682326773327
59, 1682326774336
60, 1682326775339
59, 1682326776350
59, 1682326777354
60, 1682326778363
58, 1682326779370
59, 1682326780382
60, 1682326781389
59, 1682326782398
60, 1682326783407
59, 1682326784415
60, 1682326785421
59, 1682326786432
60, 1682326787441
59, 1682326788449
60, 1682326789458
59, 1682326790470
60, 1682326791479
59, 1682326792488
60, 1682326793496
59, 1682326794504
60, 1682326795515
60, 1682326796523
59, 1682326797533
59, 1682326798538
60, 1682326799544
59, 1682326800552
60, 1682326801559
59, 1682326802570
60, 1682326803574
59, 1682326804583
60, 1682326805591
59, 1682326806598
60, 1682326807607
59, 1682326808616
59, 1682326809625
60, 1682326810633
60, 1682326811644
59, 1682326812655
60, 1682326813666
59, 1682326814675
60, 1682326815682
59, 1682326816690
60, 1682326817700
60, 1682326818707
59, 1682326819718
60, 1682326820725
59, 1682326821730
59, 1682326822740
57, 1682326823747
59, 1682326824754
59, 1682326825762
59, 1682326826770
60, 1682326827781
59, 1682326828789
58, 1682326829802
59, 1682326830806
60, 1682326831816
59, 1682326832826
60, 1682326833838
60, 1682326834846
59, 1682326835856
60, 1682326836864
59, 1682326837874
60, 1682326838880
59, 1682326839889
60, 1682326840899
59, 1682326841908
60, 1682326842921
59, 1682326843926
60, 1682326844936
60, 1682326845945
59, 1682326846954
59, 1682326847961
60, 1682326848970
59, 1682326849978
60, 1682326850985
59, 1682326851995
60, 1682326853002
57, 1682326854012
60, 1682326855020
59, 1682326856047
60, 1682326857051
59, 1682326858049
60, 1682326859052
59, 1682326860054
59, 1682326861063
60, 1682326862073
60, 1682326863082
59, 1682326864088
59, 1682326865098
55, 1682326866104
48, 1682326867112
60, 1682326868122
59, 1682326869125
59, 1682326870130
60, 1682326871142
60, 1682326872155
59, 1682326873163
60, 1682326874174
59, 1682326875181
60, 1682326876191
59, 1682326877197
60, 1682326878206
59, 1682326879211
60, 1682326880220
59, 1682326881229
60, 1682326882235
59, 1682326883244
60, 1682326884250
59, 1682326885261
60, 1682326886266
59, 1682326887277
60, 1682326888287
59, 1682326889296
60, 1682326890303
59, 1682326891312
58, 1682326892321
59, 1682326893328
58, 1682326894334
60, 1682326895345
60, 1682326896356
59, 1682326897365
60, 1682326898371
59, 1682326899379
60, 1682326900386
59, 1682326901392
60, 1682326902401
59, 1682326903412
60, 1682326904423
59, 1682326905432
60, 1682326906441
59, 1682326907450
60, 1682326908458
59, 1682326909467
60, 1682326910472
59, 1682326911481
58, 1682326912489
59, 1682326913493
59, 1682326914497
60, 1682326915506
59, 1682326916516
60, 1682326917523
59, 1682326918528
60, 1682326919539
59, 1682326920549
60, 1682326921558
59, 1682326922569
60, 1682326923575
59, 1682326924586
60, 1682326925594
60, 1682326926605
59, 1682326927611
59, 1682326928617
60, 1682326929622
59, 1682326930627
58, 1682326931637
60, 1682326932649
58, 1682326933653
59, 1682326934665
59, 1682326935672
60, 1682326936677
59, 1682326937681
59, 1682326938688
54, 1682326939697
60, 1682326940706
59, 1682326941719
60, 1682326942725
59, 1682326943735
60, 1682326944740
59, 1682326945750
60, 1682326946755
59, 1682326947767
60, 1682326948773
59, 1682326949783
59, 1682326950788
60, 1682326951798
59, 1682326952803
60, 1682326953812
60, 1682326954823
59, 1682326955834
60, 1682326956841
59, 1682326957853
60, 1682326958858
59, 1682326959867
59, 1682326960872
60, 1682326961879
59, 1682326962886
58, 1682326963897
59, 1682326964906
60, 1682326965912
59, 1682326966921
60, 1682326967925
59, 1682326968935
59, 1682326969941
60, 1682326970946
59, 1682326971956
60, 1682326972967
60, 1682326973976
59, 1682326974988
60, 1682326975995
59, 1682326977000
60, 1682326978008
50, 1682326979034
55, 1682326980022
60, 1682326981032
59, 1682326982036
59, 1682326983037
60, 1682326984042
59, 1682326985048
59, 1682326986055
60, 1682326987063
59, 1682326988068
60, 1682326989076
59, 1682326990084
60, 1682326991094
59, 1682326992101
59, 1682326993107
60, 1682326994111
59, 1682326995122
58, 1682326996127
60, 1682326997137
59, 1682326998143
60, 1682326999146
59, 1682327000153
59, 1682327001161
60, 1682327002174
59, 1682327003178
60, 1682327004183
59, 1682327005191
59, 1682327006194
58, 1682327007205
57, 1682327008211
60, 1682327009220
58, 1682327010226
60, 1682327011229
59, 1682327012237
60, 1682327013246
59, 1682327014253
55, 1682327015258
56, 1682327016267
59, 1682327017275
60, 1682327018282
59, 1682327019290
60, 1682327020300
59, 1682327021307
60, 1682327022316
59, 1682327023322
60, 1682327024330
59, 1682327025339
60, 1682327026347
59, 1682327027352
59, 1682327028361
60, 1682327029366
59, 1682327030375
60, 1682327031386
59, 1682327032391
59, 1682327033395
58, 1682327034407
59, 1682327035414
60, 1682327036418
57, 1682327037426
55, 1682327038432
58, 1682327039445
60, 1682327040455
57, 1682327041463
60, 1682327042471
59, 1682327043478
60, 1682327044483
59, 1682327045489
56, 1682327046500
59, 1682327047506
59, 1682327048514
60, 1682327049522
59, 1682327050530
60, 1682327051538
59, 1682327052547
60, 1682327053555
59, 1682327054564
60, 1682327055574
59, 1682327056581
60, 1682327057588
59, 1682327058597
60, 1682327059604
59, 1682327060615
60, 1682327061623
57, 1682327062631
60, 1682327063637
59, 1682327064647
60, 1682327065654
59, 1682327066661
58, 1682327067667
59, 1682327068675
59, 1682327069684
59, 1682327070695
58, 1682327071701
60, 1682327072711
57, 1682327073715
59, 1682327074726
58, 1682327075735
59, 1682327076741
59, 1682327077752
58, 1682327078765
59, 1682327079772
59, 1682327080780
59, 1682327081786
59, 1682327082796
60, 1682327083805
57, 1682327084812
56, 1682327085821
59, 1682327086828
60, 1682327087839
59, 1682327088846
60, 1682327089855
59, 1682327090863
60, 1682327091872
59, 1682327092879
59, 1682327093886
60, 1682327094896
60, 1682327095906
59, 1682327096915
60, 1682327097923
59, 1682327098929
60, 1682327099940
59, 1682327100950
60, 1682327101962
60, 1682327102972
59, 1682327103981
60, 1682327104991
59, 1682327106000
60, 1682327107008
59, 1682327108017
60, 1682327109025
59, 1682327110040
59, 1682327111041
60, 1682327112052
59, 1682327113056
60, 1682327114060
59, 1682327115068
60, 1682327116072
59, 1682327117081
58, 1682327118086
54, 1682327119097
59, 1682327120106
60, 1682327121117
59, 1682327122121
60, 1682327123125
59, 1682327124132
60, 1682327125141
59, 1682327126150
59, 1682327127155
60, 1682327128159
59, 1682327129171
60, 1682327130182
59, 1682327131189
60, 1682327132194
59, 1682327133205
60, 1682327134215
59, 1682327135221
60, 1682327136229
59, 1682327137240
60, 1682327138251
59, 1682327139256
60, 1682327140269
59, 1682327141276
60, 1682327142283
59, 1682327143291
60, 1682327144295
59, 1682327145302
59, 1682327146308
60, 1682327147317
60, 1682327148326
59, 1682327149339
60, 1682327150349
59, 1682327151357
60, 1682327152368
59, 1682327153376
60, 1682327154382
59, 1682327155391
60, 1682327156395
59, 1682327157403
58, 1682327158410
60, 1682327159417
59, 1682327160426
58, 1682327161430
59, 1682327162443
60, 1682327163452
58, 1682327164457
60, 1682327165468
59, 1682327166478
60, 1682327167490
60, 1682327168496
59, 1682327169509
52, 1682327170514
59, 1682327171521
60, 1682327172529
59, 1682327173542
60, 1682327174547
59, 1682327175557
60, 1682327176564
59, 1682327177573
60, 1682327178582
59, 1682327179589
59, 1682327180595
60, 1682327181605
59, 1682327182613
60, 1682327183620
59, 1682327184629
60, 1682327185633
59, 1682327186645
60, 1682327187656
60, 1682327188665
59, 1682327189673
60, 1682327190683
59, 1682327191695
60, 1682327192699
59, 1682327193707
59, 1682327194716
60, 1682327195720
59, 1682327196730
60, 1682327197743
59, 1682327198747
60, 1682327199754
59, 1682327200763
60, 1682327201777
60, 1682327202784
59, 1682327203795
60, 1682327204803
59, 1682327205810
60, 1682327206817
59, 1682327207827
60, 1682327208836
59, 1682327209849
60, 1682327210852
59, 1682327211858
59, 1682327212865
60, 1682327213876
59, 1682327214883
60, 1682327215887
59, 1682327216897
60, 1682327217903
59, 1682327218916
60, 1682327219928
59, 1682327220933
60, 1682327221939
59, 1682327222949
60, 1682327223959
60, 1682327224969
59, 1682327225977
59, 1682327226985
60, 1682327227994
59, 1682327229002
60, 1682327230011
58, 1682327231031
60, 1682327232022
57, 1682327233050
60, 1682327234052
59, 1682327235042
59, 1682327236049
47, 1682327237054
59, 1682327238063
60, 1682327239070
59, 1682327240078
59, 1682327241083
60, 1682327242091
59, 1682327243099
60, 1682327244109
59, 1682327245116
60, 1682327246126
59, 1682327247135
60, 1682327248143
59, 1682327249151
60, 1682327250156
59, 1682327251166
60, 1682327252176
59, 1682327253184
60, 1682327254188
59, 1682327255199
60, 1682327256211
59, 1682327257217
60, 1682327258224
59, 1682327259233
60, 1682327260245
59, 1682327261255
60, 1682327262265
59, 1682327263268
60, 1682327264279
59, 1682327265283
60, 1682327266293
59, 1682327267302
60, 1682327268312
59, 1682327269321
60, 1682327270327
59, 1682327271334
60, 1682327272344
59, 1682327273350
60, 1682327274360
43, 1682327275370
60, 1682327276375
59, 1682327277385
60, 1682327278394
59, 1682327279406
60, 1682327280415
57, 1682327281422
60, 1682327282433
59, 1682327283437
60, 1682327284442
59, 1682327285447
59, 1682327286453
60, 1682327287462
59, 1682327288472
60, 1682327289480
59, 1682327290489
60, 1682327291501
60, 1682327292511
59, 1682327293520
60, 1682327294528
59, 1682327295539
60, 1682327296545
59, 1682327297556
60, 1682327298566
60, 1682327299577
59, 1682327300581
59, 1682327301588
60, 1682327302596
59, 1682327303606
60, 1682327304614
59, 1682327305623
60, 1682327306632
59, 1682327307641
60, 1682327308647
59, 1682327309653
60, 1682327310662
59, 1682327311669
60, 1682327312677
59, 1682327313686
59, 1682327314692
60, 1682327315698
59, 1682327316705
60, 1682327317712
58, 1682327318721
52, 1682327319727
60, 1682327320737
59, 1682327321745
60, 1682327322752
59, 1682327323762
59, 1682327324774
60, 1682327325781
59, 1682327326791
60, 1682327327798
34, 1682327328806
35, 1682327329813
59, 1682327330823
59, 1682327331828
60, 1682327332833
59, 1682327333842
60, 1682327334850
59, 1682327335858
60, 1682327336868
59, 1682327337879
60, 1682327338892
59, 1682327339896
60, 1682327340900
59, 1682327341908
60, 1682327342915
59, 1682327343924
59, 1682327344930
60, 1682327345940
59, 1682327346947
60, 1682327347958
60, 1682327348965
59, 1682327349976
60, 1682327351007
59, 1682327351990
60, 1682327352999
59, 1682327354002
59, 1682327355036
60, 1682327356016
59, 1682327357038
14, 1682327358037
26, 1682327359038
31, 1682327360050
47, 1682327361058
59, 1682327362063
59, 1682327363070
57, 1682327364075
60, 1682327365081
59, 1682327366091
60, 1682327367101
60, 1682327368111
59, 1682327369119
60, 1682327370128
59, 1682327371139
60, 1682327372149
59, 1682327373157
57, 1682327374163
59, 1682327375173
60, 1682327376180
59, 1682327377185
59, 1682327378192
60, 1682327379203
60, 1682327380210
59, 1682327381216
59, 1682327382222
60, 1682327383226
59, 1682327384237
59, 1682327385241
60, 1682327386245
59, 1682327387255
60, 1682327388263
59, 1682327389272
60, 1682327390279
59, 1682327391290
60, 1682327392300
59, 1682327393307
30, 1682327394313
34, 1682327395325
60, 1682327396335
59, 1682327397340
60, 1682327398346
59, 1682327399356
60, 1682327400364
59, 1682327401373
60, 1682327402380
59, 1682327403390
60, 1682327404396
59, 1682327405403
60, 1682327406415
59, 1682327407423
60, 1682327408434
57, 1682327409445
60, 1682327410452
59, 1682327411463
60, 1682327412475
60, 1682327413482
59, 1682327414491
59, 1682327415497
60, 1682327416504
59, 1682327417513
60, 1682327418521
60, 1682327419530
59, 1682327420534
59, 1682327421543
55, 1682327422550
7, 1682327423560
60, 1682327424569
59, 1682327425578
60, 1682327426586
59, 1682327427597
60, 1682327428607
60, 1682327429616
59, 1682327430625
60, 1682327431635
59, 1682327432644
60, 1682327433654
59, 1682327434664
60, 1682327435671
59, 1682327436678
60, 1682327437684
59, 1682327438691
59, 1682327439700
60, 1682327440708
58, 1682327441713
60, 1682327442720
59, 1682327443729
59, 1682327444734
59, 1682327445740
59, 1682327446748
60, 1682327447759
58, 1682327448766
59, 1682327449774
59, 1682327450783
60, 1682327451794
59, 1682327452802
58, 1682327453810
55, 1682327454818
21, 1682327455822
47, 1682327456830
60, 1682327457841
59, 1682327458847
60, 1682327459856
59, 1682327460862
59, 1682327461866
60, 1682327462874
59, 1682327463880
60, 1682327464886
59, 1682327465896
60, 1682327466908
59, 1682327467917
60, 1682327468927
59, 1682327469933
60, 1682327470941
59, 1682327471948
60, 1682327472959
59, 1682327473967
60, 1682327474979
60, 1682327475989
59, 1682327476996
59, 1682327478003
60, 1682327479009
59, 1682327480014
59, 1682327481017
60, 1682327482021
53, 1682327483047
13, 1682327484036
49, 1682327485042
59, 1682327486048
53, 1682327487056
46, 1682327488065
60, 1682327489072
59, 1682327490079
59, 1682327491086
60, 1682327492094
59, 1682327493100
59, 1682327494104
60, 1682327495110
59, 1682327496119
60, 1682327497127
59, 1682327498138
60, 1682327499144
59, 1682327500153
60, 1682327501159
59, 1682327502170
60, 1682327503179
60, 1682327504189
59, 1682327505200
59, 1682327506206
60, 1682327507210
59, 1682327508215
60, 1682327509225
59, 1682327510233
60, 1682327511242
59, 1682327512254
60, 1682327513262
59, 1682327514271
60, 1682327515279
59, 1682327516287
60, 1682327517296
59, 1682327518306
60, 1682327519313
59, 1682327520323
60, 1682327521334
45, 1682327522344
10, 1682327523350
59, 1682327524357
60, 1682327525368
60, 1682327526379
59, 1682327527386
60, 1682327528396
59, 1682327529403
60, 1682327530409
59, 1682327531421
59, 1682327532426
60, 1682327533433
59, 1682327534439
60, 1682327535444
59, 1682327536451
60, 1682327537461
57, 1682327538467
59, 1682327539477
60, 1682327540486
60, 1682327541494
59, 1682327542506
60, 1682327543515
59, 1682327544524
60, 1682327545535
59, 1682327546544
60, 1682327547558
59, 1682327548565
59, 1682327549574
60, 1682327550582
58, 1682327551593
60, 1682327552598
59, 1682327553603
59, 1682327554610
60, 1682327555615
59, 1682327556624
60, 1682327557631
59, 1682327558643
60, 1682327559652
59, 1682327560658
60, 1682327561668
59, 1682327562677
60, 1682327563687
59, 1682327564696
60, 1682327565702
59, 1682327566711
60, 1682327567719
59, 1682327568728
29, 1682327569739
44, 1682327570748
59, 1682327571754
59, 1682327572761
60, 1682327573768
59, 1682327574780
60, 1682327575790
60, 1682327576799
58, 1682327577806
59, 1682327578813
59, 1682327579817
59, 1682327580825
57, 1682327581831
57, 1682327582842
59, 1682327583848
60, 1682327584851
59, 1682327585860
60, 1682327586867
59, 1682327587877
60, 1682327588886
58, 1682327589893
60, 1682327590904
58, 1682327591912
58, 1682327592920
58, 1682327593927
59, 1682327594934
58, 1682327595944
58, 1682327596949
60, 1682327597960
59, 1682327598967
60, 1682327599979
60, 1682327600986
59, 1682327601995
60, 1682327603002
59, 1682327604006
59, 1682327605012
60, 1682327606018
59, 1682327607024
59, 1682327608056
60, 1682327609036
59, 1682327610054
59, 1682327611048
60, 1682327612052
59, 1682327613060
