38, 1682491845969
48, 1682491847017
39, 1682491847992
39, 1682491849001
38, 1682491850009
0, 1682491851018
0, 1682491852027
0, 1682491853045
38, 1682491854039
0, 1682491855046
0, 1682491856052
0, 1682491857059
0, 1682491858065
0, 1682491859071
39, 1682491860077
0, 1682491861086
0, 1682491862092
0, 1682491863100
0, 1682491864109
0, 1682491865114
45, 1682491866122
0, 1682491867126
45, 1682491868133
0, 1682491869143
45, 1682491870147
45, 1682491871160
43, 1682491872169
43, 1682491873178
41, 1682491874189
40, 1682491875197
41, 1682491876204
42, 1682491877211
0, 1682491878220
0, 1682491879229
39, 1682491880234
41, 1682491881243
41, 1682491882248
41, 1682491883258
41, 1682491884267
41, 1682491885277
42, 1682491886284
42, 1682491887292
42, 1682491888297
41, 1682491889304
0, 1682491890316
0, 1682491891325
0, 1682491892332
0, 1682491893342
42, 1682491894346
0, 1682491895356
0, 1682491896364
0, 1682491897371
0, 1682491898380
0, 1682491899391
42, 1682491900395
0, 1682491901404
0, 1682491902412
0, 1682491903418
43, 1682491904426
0, 1682491905434
41, 1682491906445
44, 1682491907449
41, 1682491908452
41, 1682491909461
44, 1682491910466
35, 1682491911472
35, 1682491912479
42, 1682491913489
41, 1682491914495
35, 1682491915502
34, 1682491916508
34, 1682491917515
33, 1682491918520
36, 1682491919533
38, 1682491920537
39, 1682491921547
38, 1682491922554
39, 1682491923559
39, 1682491924567
39, 1682491925574
0, 1682491926583
0, 1682491927590
40, 1682491928594
31, 1682491929602
44, 1682491930607
44, 1682491931612
41, 1682491932619
37, 1682491933633
0, 1682491934639
0, 1682491935647
0, 1682491936654
39, 1682491937662
0, 1682491938671
0, 1682491939678
0, 1682491940686
50, 1682491941695
0, 1682491942703
0, 1682491943712
0, 1682491944722
49, 1682491945730
39, 1682491946738
46, 1682491947747
0, 1682491948753
0, 1682491949762
0, 1682491950769
39, 1682491951777
48, 1682491952782
0, 1682491953788
0, 1682491954796
0, 1682491955803
37, 1682491956812
0, 1682491957820
0, 1682491958826
38, 1682491959831
0, 1682491960842
0, 1682491961849
0, 1682491962857
0, 1682491963866
0, 1682491964870
36, 1682491965877
0, 1682491966886
0, 1682491967894
51, 1682491968904
0, 1682491969908
0, 1682491970916
0, 1682491971924
0, 1682491972934
0, 1682491973941
49, 1682491974951
52, 1682491975961
0, 1682491976968
41, 1682491977977
0, 1682491979000
49, 1682491979996
0, 1682491981004
51, 1682491982007
0, 1682491983015
48, 1682491984020
0, 1682491985030
48, 1682491986031
0, 1682491987038
53, 1682491988045
0, 1682491989051
0, 1682491990057
47, 1682491991064
0, 1682491992073
48, 1682491993084
0, 1682491994094
40, 1682491995103
0, 1682491996112
52, 1682491997118
49, 1682491998127
47, 1682491999135
0, 1682492000144
0, 1682492001148
51, 1682492002155
0, 1682492003163
40, 1682492004174
40, 1682492005182
48, 1682492006189
47, 1682492007194
0, 1682492008205
47, 1682492009212
39, 1682492010217
47, 1682492011228
35, 1682492012237
35, 1682492013243
0, 1682492014252
36, 1682492015262
0, 1682492016270
0, 1682492017277
0, 1682492018287
35, 1682492019292
37, 1682492020301
0, 1682492021309
47, 1682492022314
40, 1682492023323
0, 1682492024330
0, 1682492025333
0, 1682492026341
39, 1682492027349
0, 1682492028355
0, 1682492029358
49, 1682492030362
0, 1682492031373
0, 1682492032384
54, 1682492033390
0, 1682492034398
45, 1682492035404
46, 1682492036408
45, 1682492037414
46, 1682492038421
45, 1682492039429
44, 1682492040434
46, 1682492041440
45, 1682492042446
47, 1682492043456
49, 1682492044462
45, 1682492045470
44, 1682492046478
43, 1682492047486
43, 1682492048491
43, 1682492049497
44, 1682492050503
44, 1682492051509
44, 1682492052519
42, 1682492053527
38, 1682492054535
43, 1682492055544
41, 1682492056549
42, 1682492057558
42, 1682492058562
39, 1682492059567
40, 1682492060575
40, 1682492061584
39, 1682492062592
39, 1682492063599
41, 1682492064610
39, 1682492065620
40, 1682492066627
38, 1682492067634
38, 1682492068642
39, 1682492069646
39, 1682492070651
40, 1682492071659
39, 1682492072663
39, 1682492073675
39, 1682492074684
41, 1682492075690
40, 1682492076694
38, 1682492077705
37, 1682492078714
36, 1682492079721
37, 1682492080726
36, 1682492081740
36, 1682492082747
36, 1682492083751
36, 1682492084762
36, 1682492085773
35, 1682492086784
36, 1682492087789
34, 1682492088797
31, 1682492089804
36, 1682492090812
39, 1682492091818
37, 1682492092828
39, 1682492093838
35, 1682492094845
30, 1682492095849
29, 1682492096859
27, 1682492097865
26, 1682492098875
28, 1682492099880
34, 1682492100892
30, 1682492101900
27, 1682492102907
28, 1682492103914
29, 1682492104920
25, 1682492105928
24, 1682492106933
25, 1682492107939
23, 1682492108948
27, 1682492109958
25, 1682492110964
24, 1682492111970
23, 1682492112979
24, 1682492113986
24, 1682492114992
23, 1682492115997
23, 1682492117005
24, 1682492118010
23, 1682492119016
23, 1682492120019
24, 1682492121034
23, 1682492122037
24, 1682492123038
23, 1682492124042
23, 1682492125048
22, 1682492126054
22, 1682492127063
23, 1682492128064
22, 1682492129070
22, 1682492130074
22, 1682492131079
22, 1682492132089
22, 1682492133092
22, 1682492134105
21, 1682492135114
41, 1682492136119
45, 1682492137127
44, 1682492138133
42, 1682492139141
40, 1682492140151
45, 1682492141159
41, 1682492142166
42, 1682492143178
44, 1682492144184
42, 1682492145191
41, 1682492146200
40, 1682492147210
40, 1682492148216
41, 1682492149221
40, 1682492150228
41, 1682492151232
42, 1682492152237
43, 1682492153248
42, 1682492154253
40, 1682492155256
39, 1682492156265
39, 1682492157274
38, 1682492158282
38, 1682492159286
39, 1682492160295
39, 1682492161300
39, 1682492162305
25, 1682492163315
41, 1682492164324
42, 1682492165330
42, 1682492166341
39, 1682492167349
40, 1682492168358
41, 1682492169367
39, 1682492170377
39, 1682492171386
40, 1682492172394
41, 1682492173403
40, 1682492174410
42, 1682492175420
40, 1682492176429
42, 1682492177438
54, 1682492178448
44, 1682492179457
39, 1682492180463
45, 1682492181468
42, 1682492182478
42, 1682492183483
42, 1682492184493
43, 1682492185504
42, 1682492186513
43, 1682492187526
41, 1682492188533
0, 1682492189543
0, 1682492190551
39, 1682492191559
38, 1682492192567
39, 1682492193575
38, 1682492194582
39, 1682492195588
39, 1682492196598
38, 1682492197604
34, 1682492198612
43, 1682492199621
43, 1682492200632
44, 1682492201640
42, 1682492202646
40, 1682492203653
40, 1682492204659
43, 1682492205669
42, 1682492206675
42, 1682492207683
39, 1682492208691
41, 1682492209700
42, 1682492210710
42, 1682492211720
40, 1682492212726
42, 1682492213735
44, 1682492214743
41, 1682492215753
0, 1682492216758
40, 1682492217767
40, 1682492218779
0, 1682492219790
40, 1682492220797
39, 1682492221802
40, 1682492222812
39, 1682492223821
0, 1682492224829
0, 1682492225836
0, 1682492226840
0, 1682492227849
41, 1682492228858
42, 1682492229868
52, 1682492230875
53, 1682492231886
51, 1682492232892
51, 1682492233901
51, 1682492234908
0, 1682492235919
0, 1682492236924
0, 1682492237933
0, 1682492238938
52, 1682492239946
54, 1682492240953
0, 1682492241963
0, 1682492242971
62, 1682492243974
7, 1682492244995
0, 1682492246003
0, 1682492247017
0, 1682492248021
0, 1682492249028
61, 1682492250036
0, 1682492251043
0, 1682492252048
0, 1682492253057
0, 1682492254061
0, 1682492255068
57, 1682492256078
0, 1682492257089
61, 1682492258095
60, 1682492259104
57, 1682492260114
0, 1682492261126
62, 1682492262132
0, 1682492263139
35, 1682492264146
44, 1682492265150
44, 1682492266157
47, 1682492267161
46, 1682492268171
41, 1682492269175
41, 1682492270182
44, 1682492271189
40, 1682492272198
41, 1682492273205
42, 1682492274212
42, 1682492275220
0, 1682492276228
0, 1682492277236
43, 1682492278241
45, 1682492279249
43, 1682492280255
41, 1682492281261
40, 1682492282271
41, 1682492283279
42, 1682492284290
42, 1682492285298
43, 1682492286304
41, 1682492287309
39, 1682492288312
40, 1682492289324
38, 1682492290327
40, 1682492291337
0, 1682492292345
0, 1682492293351
0, 1682492294357
0, 1682492295368
0, 1682492296375
0, 1682492297384
0, 1682492298391
37, 1682492299397
0, 1682492300408
40, 1682492301414
40, 1682492302423
0, 1682492303434
39, 1682492304441
39, 1682492305449
38, 1682492306456
43, 1682492307460
41, 1682492308473
40, 1682492309479
40, 1682492310488
39, 1682492311493
38, 1682492312499
38, 1682492313506
38, 1682492314515
38, 1682492315524
38, 1682492316533
0, 1682492317539
39, 1682492318546
0, 1682492319554
0, 1682492320560
0, 1682492321569
0, 1682492322576
47, 1682492323581
0, 1682492324592
40, 1682492325596
41, 1682492326608
40, 1682492327618
0, 1682492328627
0, 1682492329639
0, 1682492330648
50, 1682492331658
0, 1682492332669
37, 1682492333675
39, 1682492334680
37, 1682492335687
0, 1682492336692
0, 1682492337704
0, 1682492338711
36, 1682492339721
0, 1682492340730
0, 1682492341742
37, 1682492342747
47, 1682492343756
0, 1682492344766
46, 1682492345775
39, 1682492346786
48, 1682492347792
39, 1682492348799
0, 1682492349807
38, 1682492350816
39, 1682492351822
48, 1682492352832
39, 1682492353836
0, 1682492354843
47, 1682492355851
48, 1682492356855
37, 1682492357866
48, 1682492358873
0, 1682492359882
38, 1682492360889
39, 1682492361900
47, 1682492362909
39, 1682492363918
47, 1682492364924
0, 1682492365935
37, 1682492366939
46, 1682492367948
0, 1682492368956
46, 1682492369966
38, 1682492370972
0, 1682492371976
15, 1682492372980
48, 1682492373986
48, 1682492374997
0, 1682492376005
0, 1682492377011
0, 1682492378017
38, 1682492379029
0, 1682492380033
47, 1682492381043
0, 1682492382068
0, 1682492383053
38, 1682492384055
0, 1682492385058
37, 1682492386067
0, 1682492387077
37, 1682492388086
39, 1682492389095
45, 1682492390106
49, 1682492391113
39, 1682492392123
46, 1682492393130
38, 1682492394136
48, 1682492395143
48, 1682492396154
47, 1682492397158
38, 1682492398162
39, 1682492399171
48, 1682492400176
40, 1682492401188
47, 1682492402193
39, 1682492403202
0, 1682492404207
38, 1682492405214
38, 1682492406221
40, 1682492407225
38, 1682492408234
34, 1682492409241
34, 1682492410248
27, 1682492411259
0, 1682492412263
35, 1682492413270
0, 1682492414276
0, 1682492415285
0, 1682492416294
0, 1682492417298
0, 1682492418307
28, 1682492419315
33, 1682492420323
0, 1682492421329
34, 1682492422334
0, 1682492423341
0, 1682492424345
0, 1682492425352
44, 1682492426358
0, 1682492427366
0, 1682492428373
0, 1682492429379
0, 1682492430387
44, 1682492431393
0, 1682492432397
0, 1682492433403
0, 1682492434412
0, 1682492435419
37, 1682492436429
0, 1682492437435
0, 1682492438443
0, 1682492439451
0, 1682492440460
0, 1682492441465
38, 1682492442472
0, 1682492443481
0, 1682492444489
0, 1682492445495
0, 1682492446503
0, 1682492447509
0, 1682492448516
0, 1682492449525
0, 1682492450531
0, 1682492451539
0, 1682492452543
0, 1682492453550
0, 1682492454558
0, 1682492455566
0, 1682492456573
0, 1682492457582
0, 1682492458588
0, 1682492459594
0, 1682492460602
0, 1682492461607
44, 1682492462615
0, 1682492463622
0, 1682492464627
37, 1682492465636
0, 1682492466641
0, 1682492467648
0, 1682492468656
0, 1682492469661
38, 1682492470668
37, 1682492471675
0, 1682492472682
0, 1682492473691
0, 1682492474697
0, 1682492475704
0, 1682492476710
0, 1682492477717
44, 1682492478725
0, 1682492479733
0, 1682492480738
0, 1682492481747
0, 1682492482754
0, 1682492483761
0, 1682492484771
0, 1682492485776
0, 1682492486782
0, 1682492487789
0, 1682492488796
0, 1682492489804
0, 1682492490809
0, 1682492491813
0, 1682492492821
0, 1682492493829
0, 1682492494837
0, 1682492495845
0, 1682492496853
21, 1682492497857
21, 1682492498866
21, 1682492499875
21, 1682492500880
21, 1682492501887
32, 1682492502893
38, 1682492503899
37, 1682492504903
38, 1682492505909
0, 1682492506918
0, 1682492507927
0, 1682492508937
0, 1682492509945
0, 1682492510954
38, 1682492511960
0, 1682492512968
0, 1682492513975
37, 1682492514983
0, 1682492515990
37, 1682492516998
38, 1682492518005
37, 1682492519013
38, 1682492520017
37, 1682492521030
37, 1682492522036
38, 1682492523046
37, 1682492524044
38, 1682492525051
38, 1682492526060
37, 1682492527064
38, 1682492528071
37, 1682492529078
38, 1682492530083
38, 1682492531093
37, 1682492532101
38, 1682492533106
37, 1682492534115
37, 1682492535119
38, 1682492536128
38, 1682492537135
38, 1682492538145
38, 1682492539149
38, 1682492540156
37, 1682492541162
38, 1682492542169
37, 1682492543177
38, 1682492544182
37, 1682492545190
38, 1682492546198
36, 1682492547204
38, 1682492548213
38, 1682492549221
37, 1682492550227
38, 1682492551231
37, 1682492552239
38, 1682492553247
37, 1682492554254
38, 1682492555262
37, 1682492556273
38, 1682492557277
0, 1682492558282
0, 1682492559289
0, 1682492560298
0, 1682492561306
0, 1682492562312
37, 1682492563318
37, 1682492564323
0, 1682492565329
0, 1682492566340
0, 1682492567344
35, 1682492568352
0, 1682492569357
0, 1682492570361
0, 1682492571370
0, 1682492572380
0, 1682492573385
0, 1682492574391
37, 1682492575398
38, 1682492576403
37, 1682492577410
0, 1682492578418
37, 1682492579426
0, 1682492580432
0, 1682492581439
36, 1682492582451
0, 1682492583455
0, 1682492584465
0, 1682492585473
0, 1682492586483
0, 1682492587494
47, 1682492588502
0, 1682492589513
47, 1682492590521
0, 1682492591526
0, 1682492592537
41, 1682492593545
39, 1682492594551
43, 1682492595560
38, 1682492596569
40, 1682492597578
0, 1682492598585
40, 1682492599593
0, 1682492600601
0, 1682492601609
0, 1682492602620
0, 1682492603626
0, 1682492604634
0, 1682492605644
0, 1682492606650
0, 1682492607659
0, 1682492608667
0, 1682492609676
0, 1682492610685
0, 1682492611690
36, 1682492612699
0, 1682492613705
0, 1682492614714
48, 1682492615724
0, 1682492616730
0, 1682492617735
0, 1682492618745
0, 1682492619752
0, 1682492620757
40, 1682492621765
0, 1682492622774
39, 1682492623782
38, 1682492624789
38, 1682492625797
40, 1682492626803
40, 1682492627813
38, 1682492628817
39, 1682492629821
38, 1682492630826
37, 1682492631832
39, 1682492632842
42, 1682492633850
42, 1682492634854
40, 1682492635860
39, 1682492636870
39, 1682492637875
39, 1682492638880
39, 1682492639888
39, 1682492640893
39, 1682492641901
39, 1682492642907
39, 1682492643911
37, 1682492644916
38, 1682492645926
41, 1682492646932
40, 1682492647942
39, 1682492648949
39, 1682492649958
39, 1682492650966
38, 1682492651975
40, 1682492652982
38, 1682492653989
39, 1682492654994
39, 1682492656001
39, 1682492657006
37, 1682492658012
38, 1682492659020
40, 1682492660028
47, 1682492661036
39, 1682492662047
38, 1682492663049
38, 1682492664055
38, 1682492665064
38, 1682492666069
38, 1682492667072
38, 1682492668076
38, 1682492669084
39, 1682492670093
39, 1682492671100
39, 1682492672104
36, 1682492673113
45, 1682492674123
0, 1682492675130
47, 1682492676137
44, 1682492677147
45, 1682492678157
45, 1682492679166
43, 1682492680175
0, 1682492681184
44, 1682492682190
43, 1682492683197
46, 1682492684208
49, 1682492685214
38, 1682492686224
35, 1682492687233
45, 1682492688239
43, 1682492689250
35, 1682492690258
36, 1682492691268
34, 1682492692275
34, 1682492693287
36, 1682492694295
42, 1682492695306
0, 1682492696316
0, 1682492697328
43, 1682492698333
42, 1682492699344
0, 1682492700355
0, 1682492701363
0, 1682492702374
0, 1682492703381
0, 1682492704388
0, 1682492705395
45, 1682492706402
44, 1682492707409
45, 1682492708415
45, 1682492709420
50, 1682492710423
52, 1682492711431
45, 1682492712440
44, 1682492713449
43, 1682492714458
44, 1682492715464
45, 1682492716473
46, 1682492717481
46, 1682492718491
0, 1682492719503
0, 1682492720510
38, 1682492721516
47, 1682492722525
44, 1682492723535
39, 1682492724541
0, 1682492725549
35, 1682492726556
0, 1682492727565
35, 1682492728569
42, 1682492729577
43, 1682492730587
43, 1682492731593
44, 1682492732599
43, 1682492733605
43, 1682492734612
43, 1682492735620
43, 1682492736626
41, 1682492737637
40, 1682492738642
42, 1682492739648
41, 1682492740658
37, 1682492741667
39, 1682492742676
41, 1682492743681
40, 1682492744689
39, 1682492745699
39, 1682492746706
39, 1682492747715
38, 1682492748720
38, 1682492749728
41, 1682492750736
40, 1682492751743
40, 1682492752749
42, 1682492753755
40, 1682492754766
38, 1682492755774
37, 1682492756780
37, 1682492757792
37, 1682492758799
38, 1682492759806
37, 1682492760809
37, 1682492761817
38, 1682492762824
37, 1682492763833
35, 1682492764842
44, 1682492765849
44, 1682492766857
43, 1682492767865
45, 1682492768869
42, 1682492769876
41, 1682492770883
42, 1682492771889
48, 1682492772899
43, 1682492773903
40, 1682492774913
38, 1682492775919
43, 1682492776926
48, 1682492777933
46, 1682492778937
40, 1682492779946
39, 1682492780953
39, 1682492781964
39, 1682492782974
39, 1682492783983
0, 1682492784990
0, 1682492786001
0, 1682492787010
0, 1682492788033
42, 1682492789036
42, 1682492790025
0, 1682492791033
0, 1682492792042
0, 1682492793050
0, 1682492794054
39, 1682492795061
40, 1682492796066
40, 1682492797071
39, 1682492798079
0, 1682492799085
40, 1682492800093
39, 1682492801100
39, 1682492802106
47, 1682492803115
42, 1682492804126
40, 1682492805135
40, 1682492806144
40, 1682492807151
40, 1682492808158
40, 1682492809167
39, 1682492810178
41, 1682492811186
40, 1682492812189
39, 1682492813198
38, 1682492814208
39, 1682492815212
39, 1682492816223
40, 1682492817231
40, 1682492818235
43, 1682492819243
40, 1682492820251
39, 1682492821260
37, 1682492822266
0, 1682492823274
0, 1682492824279
0, 1682492825286
0, 1682492826293
0, 1682492827297
15, 1682492828304
0, 1682492829308
26, 1682492830313
26, 1682492831322
37, 1682492832328
0, 1682492833339
0, 1682492834347
0, 1682492835356
0, 1682492836364
0, 1682492837368
0, 1682492838378
28, 1682492839382
25, 1682492840393
0, 1682492841403
24, 1682492842414
25, 1682492843423
24, 1682492844428
0, 1682492845438
24, 1682492846447
0, 1682492847458
0, 1682492848465
0, 1682492849474
24, 1682492850482
24, 1682492851492
0, 1682492852496
24, 1682492853504
0, 1682492854515
0, 1682492855526
0, 1682492856533
0, 1682492857540
0, 1682492858548
0, 1682492859559
0, 1682492860565
0, 1682492861572
0, 1682492862578
0, 1682492863584
0, 1682492864595
22, 1682492865602
0, 1682492866614
0, 1682492867619
0, 1682492868626
0, 1682492869635
0, 1682492870646
0, 1682492871654
0, 1682492872662
0, 1682492873668
0, 1682492874673
0, 1682492875685
0, 1682492876690
0, 1682492877695
22, 1682492878706
21, 1682492879711
0, 1682492880720
0, 1682492881728
0, 1682492882738
0, 1682492883745
22, 1682492884749
22, 1682492885757
33, 1682492886763
40, 1682492887773
41, 1682492888780
41, 1682492889790
39, 1682492890797
39, 1682492891810
41, 1682492892814
42, 1682492893818
41, 1682492894824
44, 1682492895830
40, 1682492896835
39, 1682492897844
39, 1682492898850
41, 1682492899858
40, 1682492900869
41, 1682492901876
40, 1682492902883
39, 1682492903895
42, 1682492904902
49, 1682492905911
41, 1682492906920
40, 1682492907927
39, 1682492908936
40, 1682492909944
41, 1682492910953
41, 1682492911957
41, 1682492912968
40, 1682492913974
41, 1682492914983
41, 1682492915991
41, 1682492916998
0, 1682492918006
0, 1682492919014
0, 1682492920023
0, 1682492921030
0, 1682492922045
0, 1682492923041
37, 1682492924052
0, 1682492925069
0, 1682492926061
0, 1682492927067
0, 1682492928075
48, 1682492929083
0, 1682492930088
38, 1682492931091
40, 1682492932096
41, 1682492933100
39, 1682492934108
39, 1682492935114
40, 1682492936123
40, 1682492937134
39, 1682492938140
39, 1682492939151
40, 1682492940160
42, 1682492941168
42, 1682492942176
40, 1682492943181
40, 1682492944190
40, 1682492945196
40, 1682492946201
40, 1682492947206
40, 1682492948215
39, 1682492949220
33, 1682492950227
33, 1682492951235
31, 1682492952242
31, 1682492953250
31, 1682492954258
31, 1682492955266
31, 1682492956271
31, 1682492957278
0, 1682492958286
27, 1682492959296
31, 1682492960302
31, 1682492961307
31, 1682492962313
31, 1682492963318
31, 1682492964323
31, 1682492965333
31, 1682492966339
31, 1682492967348
32, 1682492968356
31, 1682492969363
32, 1682492970371
0, 1682492971377
0, 1682492972389
0, 1682492973395
0, 1682492974403
0, 1682492975412
0, 1682492976422
0, 1682492977430
0, 1682492978439
0, 1682492979444
0, 1682492980455
0, 1682492981458
0, 1682492982465
33, 1682492983473
0, 1682492984482
0, 1682492985496
0, 1682492986503
30, 1682492987514
0, 1682492988524
33, 1682492989535
0, 1682492990544
0, 1682492991550
35, 1682492992559
31, 1682492993566
48, 1682492994574
42, 1682492995583
34, 1682492996591
0, 1682492997596
0, 1682492998603
39, 1682492999611
0, 1682493000616
33, 1682493001624
0, 1682493002636
0, 1682493003646
0, 1682493004659
0, 1682493005666
0, 1682493006673
0, 1682493007680
0, 1682493008688
0, 1682493009696
0, 1682493010706
0, 1682493011717
0, 1682493012730
0, 1682493013742
0, 1682493014756
0, 1682493015771
0, 1682493016785
0, 1682493017794
7, 1682493018806
8, 1682493019821
0, 1682493020834
0, 1682493021850
0, 1682493022861
0, 1682493023874
0, 1682493024885
0, 1682493025899
0, 1682493026909
0, 1682493027922
0, 1682493028931
0, 1682493029935
0, 1682493030946
0, 1682493031957
0, 1682493032969
0, 1682493033984
0, 1682493034995
0, 1682493036003
0, 1682493037011
0, 1682493038016
0, 1682493039027
0, 1682493040038
0, 1682493041055
0, 1682493042062
0, 1682493043065
0, 1682493044066
0, 1682493045072
0, 1682493046081
0, 1682493047094
0, 1682493048097
0, 1682493049106
0, 1682493050113
0, 1682493051123
0, 1682493052133
37, 1682493053137
37, 1682493054140
36, 1682493055148
27, 1682493056161
9, 1682493057173
9, 1682493058183
9, 1682493059192
9, 1682493060203
9, 1682493061211
9, 1682493062220
9, 1682493063232
9, 1682493064244
0, 1682493065257
9, 1682493066268
9, 1682493067281
9, 1682493068293
0, 1682493069304
0, 1682493070313
0, 1682493071325
0, 1682493072337
0, 1682493073347
0, 1682493074354
0, 1682493075362
0, 1682493076374
0, 1682493077386
9, 1682493078397
0, 1682493079410
35, 1682493080423
34, 1682493081433
29, 1682493082447
30, 1682493083460
0, 1682493084470
30, 1682493085479
30, 1682493086489
0, 1682493087496
0, 1682493088505
0, 1682493089514
0, 1682493090520
21, 1682493091526
30, 1682493092534
33, 1682493093542
33, 1682493094550
33, 1682493095553
31, 1682493096561
38, 1682493097567
45, 1682493098578
0, 1682493099586
0, 1682493100597
0, 1682493101605
0, 1682493102616
0, 1682493103623
0, 1682493104630
0, 1682493105640
0, 1682493106647
43, 1682493107651
41, 1682493108661
42, 1682493109668
42, 1682493110680
41, 1682493111684
42, 1682493112690
42, 1682493113697
42, 1682493114706
43, 1682493115717
45, 1682493116724
44, 1682493117731
44, 1682493118740
43, 1682493119749
41, 1682493120755
43, 1682493121763
45, 1682493122770
43, 1682493123781
42, 1682493124787
43, 1682493125793
43, 1682493126801
42, 1682493127811
44, 1682493128816
40, 1682493129821
41, 1682493130829
41, 1682493131835
42, 1682493132845
43, 1682493133852
0, 1682493134857
0, 1682493135864
0, 1682493136874
0, 1682493137881
0, 1682493138888
0, 1682493139899
0, 1682493140910
0, 1682493141918
33, 1682493142928
0, 1682493143934
0, 1682493144941
0, 1682493145947
0, 1682493146955
35, 1682493147958
38, 1682493148965
30, 1682493149975
26, 1682493150980
25, 1682493151994
25, 1682493153000
25, 1682493154009
25, 1682493155017
25, 1682493156022
25, 1682493157032
20, 1682493158044
0, 1682493159046
19, 1682493160054
24, 1682493161061
37, 1682493162070
0, 1682493163080
0, 1682493164088
0, 1682493165094
0, 1682493166103
0, 1682493167114
0, 1682493168120
51, 1682493169126
0, 1682493170136
41, 1682493171140
0, 1682493172150
0, 1682493173159
0, 1682493174166
0, 1682493175174
0, 1682493176184
27, 1682493177191
27, 1682493178201
26, 1682493179207
27, 1682493180212
27, 1682493181216
26, 1682493182225
27, 1682493183236
27, 1682493184245
26, 1682493185255
26, 1682493186262
27, 1682493187269
26, 1682493188271
27, 1682493189280
27, 1682493190289
26, 1682493191300
25, 1682493192306
25, 1682493193318
25, 1682493194324
25, 1682493195329
25, 1682493196339
26, 1682493197348
26, 1682493198357
0, 1682493199369
26, 1682493200376
0, 1682493201385
26, 1682493202391
25, 1682493203400
25, 1682493204405
25, 1682493205414
0, 1682493206421
24, 1682493207425
25, 1682493208434
25, 1682493209442
25, 1682493210452
24, 1682493211458
24, 1682493212469
25, 1682493213478
25, 1682493214486
0, 1682493215495
0, 1682493216505
0, 1682493217510
0, 1682493218518
30, 1682493219524
0, 1682493220533
30, 1682493221539
30, 1682493222549
30, 1682493223556
30, 1682493224564
30, 1682493225573
30, 1682493226578
23, 1682493227586
23, 1682493228601
25, 1682493229614
23, 1682493230631
24, 1682493231641
23, 1682493232654
22, 1682493233667
0, 1682493234681
13, 1682493235687
11, 1682493236696
31, 1682493237700
37, 1682493238710
23, 1682493239721
22, 1682493240727
43, 1682493241731
0, 1682493242740
51, 1682493243746
57, 1682493244749
57, 1682493245757
55, 1682493246765
51, 1682493247774
53, 1682493248785
53, 1682493249791
0, 1682493250800
0, 1682493251810
0, 1682493252815
0, 1682493253820
53, 1682493254826
51, 1682493255833
0, 1682493256842
0, 1682493257851
0, 1682493258861
53, 1682493259869
0, 1682493260876
0, 1682493261886
0, 1682493262896
0, 1682493263906
0, 1682493264917
0, 1682493265924
54, 1682493266933
0, 1682493267941
53, 1682493268951
0, 1682493269960
0, 1682493270969
0, 1682493271975
0, 1682493272984
0, 1682493273993
0, 1682493274995
0, 1682493276002
0, 1682493277010
52, 1682493278016
52, 1682493279036
0, 1682493280039
0, 1682493281043
0, 1682493282053
0, 1682493283059
0, 1682493284052
53, 1682493285069
0, 1682493286062
0, 1682493287065
55, 1682493288072
0, 1682493289079
54, 1682493290084
0, 1682493291088
0, 1682493292095
54, 1682493293102
56, 1682493294108
50, 1682493295113
49, 1682493296120
53, 1682493297127
56, 1682493298139
56, 1682493299144
55, 1682493300153
53, 1682493301158
54, 1682493302162
54, 1682493303171
54, 1682493304179
50, 1682493305187
33, 1682493306196
32, 1682493307204
31, 1682493308211
0, 1682493309219
31, 1682493310226
31, 1682493311232
40, 1682493312236
7, 1682493313247
6, 1682493314260
14, 1682493315270
26, 1682493316282
24, 1682493317296
25, 1682493318310
25, 1682493319323
25, 1682493320334
25, 1682493321347
25, 1682493322363
0, 1682493323371
0, 1682493324382
0, 1682493325392
0, 1682493326399
0, 1682493327406
0, 1682493328413
0, 1682493329419
0, 1682493330426
0, 1682493331434
48, 1682493332443
0, 1682493333447
0, 1682493334458
0, 1682493335465
50, 1682493336474
0, 1682493337483
39, 1682493338491
0, 1682493339503
50, 1682493340509
0, 1682493341515
0, 1682493342525
0, 1682493343529
0, 1682493344537
0, 1682493345546
38, 1682493346556
0, 1682493347565
48, 1682493348573
0, 1682493349583
0, 1682493350591
0, 1682493351599
0, 1682493352610
50, 1682493353615
0, 1682493354624
49, 1682493355632
0, 1682493356640
0, 1682493357644
0, 1682493358651
0, 1682493359661
0, 1682493360666
0, 1682493361673
0, 1682493362682
0, 1682493363689
0, 1682493364695
0, 1682493365698
0, 1682493366705
48, 1682493367713
0, 1682493368722
0, 1682493369725
0, 1682493370732
0, 1682493371741
0, 1682493372750
46, 1682493373756
0, 1682493374764
0, 1682493375773
0, 1682493376783
0, 1682493377790
0, 1682493378792
0, 1682493379801
0, 1682493380811
0, 1682493381820
50, 1682493382825
0, 1682493383834
48, 1682493384842
0, 1682493385851
50, 1682493386858
0, 1682493387864
0, 1682493388874
41, 1682493389878
0, 1682493390884
0, 1682493391889
0, 1682493392896
0, 1682493393907
0, 1682493394914
52, 1682493395920
0, 1682493396927
44, 1682493397931
44, 1682493398936
44, 1682493399945
43, 1682493400950
43, 1682493401958
43, 1682493402962
43, 1682493403969
43, 1682493404977
43, 1682493405984
46, 1682493406990
49, 1682493407999
48, 1682493409005
47, 1682493410008
47, 1682493411017
47, 1682493412024
47, 1682493413026
47, 1682493414057
45, 1682493415054
46, 1682493416047
46, 1682493417054
45, 1682493418061
47, 1682493419064
47, 1682493420070
43, 1682493421076
45, 1682493422084
47, 1682493423093
44, 1682493424101
44, 1682493425105
46, 1682493426112
47, 1682493427124
47, 1682493428134
46, 1682493429140
47, 1682493430152
47, 1682493431161
47, 1682493432167
47, 1682493433173
0, 1682493434180
0, 1682493435185
33, 1682493436191
31, 1682493437194
31, 1682493438202
31, 1682493439207
31, 1682493440213
31, 1682493441219
31, 1682493442225
31, 1682493443229
31, 1682493444239
31, 1682493445244
31, 1682493446251
31, 1682493447259
31, 1682493448270
31, 1682493449277
31, 1682493450289
31, 1682493451297
31, 1682493452308
31, 1682493453319
31, 1682493454326
31, 1682493455333
31, 1682493456337
31, 1682493457343
0, 1682493458350
0, 1682493459363
0, 1682493460371
0, 1682493461384
0, 1682493462395
0, 1682493463406
0, 1682493464421
0, 1682493465435
0, 1682493466442
0, 1682493467451
0, 1682493468459
0, 1682493469463
0, 1682493470471
0, 1682493471475
0, 1682493472480
49, 1682493473486
0, 1682493474495
0, 1682493475503
0, 1682493476511
0, 1682493477518
39, 1682493478522
40, 1682493479529
41, 1682493480534
47, 1682493481542
51, 1682493482548
50, 1682493483551
51, 1682493484558
0, 1682493485566
0, 1682493486573
51, 1682493487581
50, 1682493488587
50, 1682493489591
49, 1682493490600
49, 1682493491606
49, 1682493492615
49, 1682493493623
50, 1682493494629
50, 1682493495635
49, 1682493496640
49, 1682493497649
47, 1682493498655
48, 1682493499666
49, 1682493500670
51, 1682493501677
49, 1682493502684
49, 1682493503689
49, 1682493504700
49, 1682493505706
49, 1682493506712
49, 1682493507722
49, 1682493508731
48, 1682493509741
48, 1682493510747
48, 1682493511752
48, 1682493512760
48, 1682493513767
47, 1682493514773
50, 1682493515781
48, 1682493516784
49, 1682493517790
49, 1682493518802
0, 1682493519809
49, 1682493520814
47, 1682493521825
0, 1682493522834
0, 1682493523843
49, 1682493524850
50, 1682493525855
48, 1682493526861
47, 1682493527870
51, 1682493528875
50, 1682493529886
48, 1682493530891
45, 1682493531898
49, 1682493532911
50, 1682493533917
50, 1682493534927
49, 1682493535931
50, 1682493536940
49, 1682493537944
49, 1682493538948
49, 1682493539954
47, 1682493540961
35, 1682493541968
35, 1682493542974
32, 1682493543979
32, 1682493544985
32, 1682493545996
0, 1682493547007
0, 1682493548021
25, 1682493549026
33, 1682493550035
34, 1682493551044
36, 1682493552067
34, 1682493553075
30, 1682493554077
30, 1682493555075
30, 1682493556083
31, 1682493557093
0, 1682493558100
0, 1682493559106
0, 1682493560113
0, 1682493561117
0, 1682493562123
18, 1682493563131
18, 1682493564137
22, 1682493565145
34, 1682493566153
36, 1682493567163
37, 1682493568171
0, 1682493569181
0, 1682493570188
0, 1682493571198
0, 1682493572209
0, 1682493573219
0, 1682493574227
36, 1682493575238
34, 1682493576243
0, 1682493577252
0, 1682493578261
0, 1682493579266
0, 1682493580275
0, 1682493581281
37, 1682493582289
30, 1682493583296
0, 1682493584299
36, 1682493585302
0, 1682493586311
37, 1682493587320
0, 1682493588330
0, 1682493589337
0, 1682493590344
47, 1682493591357
0, 1682493592365
35, 1682493593372
0, 1682493594380
0, 1682493595393
0, 1682493596401
31, 1682493597405
37, 1682493598414
0, 1682493599421
30, 1682493600430
36, 1682493601437
0, 1682493602449
33, 1682493603454
30, 1682493604461
0, 1682493605466
0, 1682493606474
0, 1682493607486
0, 1682493608495
0, 1682493609507
0, 1682493610516
0, 1682493611528
0, 1682493612533
0, 1682493613544
0, 1682493614558
25, 1682493615569
24, 1682493616581
0, 1682493617594
0, 1682493618605
0, 1682493619614
0, 1682493620623
25, 1682493621633
0, 1682493622638
0, 1682493623649
0, 1682493624657
0, 1682493625667
0, 1682493626676
0, 1682493627682
0, 1682493628687
0, 1682493629693
0, 1682493630702
0, 1682493631707
0, 1682493632714
0, 1682493633724
0, 1682493634733
0, 1682493635740
24, 1682493636748
0, 1682493637754
0, 1682493638764
0, 1682493639767
0, 1682493640771
0, 1682493641778
0, 1682493642787
23, 1682493643792
0, 1682493644799
0, 1682493645809
0, 1682493646815
42, 1682493647824
50, 1682493648833
50, 1682493649843
0, 1682493650850
49, 1682493651856
0, 1682493652865
0, 1682493653873
0, 1682493654884
40, 1682493655892
0, 1682493656904
48, 1682493657914
0, 1682493658921
49, 1682493659928
49, 1682493660934
40, 1682493661943
48, 1682493662951
49, 1682493663956
0, 1682493664965
48, 1682493665973
0, 1682493666979
50, 1682493667988
0, 1682493668991
0, 1682493669998
27, 1682493671003
0, 1682493672008
0, 1682493673016
0, 1682493674025
0, 1682493675032
34, 1682493676047
0, 1682493677056
32, 1682493678057
0, 1682493679055
0, 1682493680064
34, 1682493681066
0, 1682493682072
0, 1682493683078
0, 1682493684085
27, 1682493685092
0, 1682493686101
32, 1682493687107
0, 1682493688116
27, 1682493689125
0, 1682493690130
0, 1682493691137
0, 1682493692140
30, 1682493693144
0, 1682493694151
0, 1682493695159
0, 1682493696162
32, 1682493697170
0, 1682493698177
0, 1682493699185
28, 1682493700189
0, 1682493701193
0, 1682493702200
0, 1682493703207
31, 1682493704214
31, 1682493705223
31, 1682493706231
31, 1682493707241
0, 1682493708247
31, 1682493709252
31, 1682493710262
0, 1682493711268
31, 1682493712272
31, 1682493713281
0, 1682493714287
0, 1682493715297
31, 1682493716304
31, 1682493717309
0, 1682493718319
0, 1682493719325
0, 1682493720334
31, 1682493721342
0, 1682493722349
0, 1682493723358
31, 1682493724363
31, 1682493725373
0, 1682493726379
0, 1682493727403
32, 1682493728394
0, 1682493729406
31, 1682493730413
31, 1682493731420
0, 1682493732426
0, 1682493733436
0, 1682493734443
0, 1682493735452
0, 1682493736458
0, 1682493737466
0, 1682493738469
0, 1682493739476
31, 1682493740482
31, 1682493741494
0, 1682493742502
31, 1682493743510
31, 1682493744518
31, 1682493745526
0, 1682493746533
31, 1682493747541
31, 1682493748548
31, 1682493749558
31, 1682493750566
31, 1682493751572
31, 1682493752577
31, 1682493753586
31, 1682493754595
0, 1682493755601
31, 1682493756606
0, 1682493757615
26, 1682493758629
24, 1682493759644
25, 1682493760647
0, 1682493761653
0, 1682493762669
0, 1682493763680
0, 1682493764693
0, 1682493765704
39, 1682493766712
42, 1682493767720
46, 1682493768726
47, 1682493769731
47, 1682493770739
53, 1682493771745
56, 1682493772753
56, 1682493773758
55, 1682493774762
55, 1682493775773
0, 1682493776780
0, 1682493777788
56, 1682493778793
56, 1682493779805
0, 1682493780813
0, 1682493781821
53, 1682493782828
0, 1682493783836
53, 1682493784843
53, 1682493785847
0, 1682493786856
53, 1682493787865
0, 1682493788870
0, 1682493789875
0, 1682493790885
0, 1682493791893
0, 1682493792902
0, 1682493793909
50, 1682493794919
0, 1682493795921
0, 1682493796932
0, 1682493797939
0, 1682493798949
50, 1682493799955
0, 1682493800965
0, 1682493801972
0, 1682493802979
0, 1682493803984
0, 1682493804992
0, 1682493805997
0, 1682493807004
0, 1682493808010
0, 1682493809015
0, 1682493810022
31, 1682493811027
31, 1682493812031
0, 1682493813049
0, 1682493814047
8, 1682493815079
8, 1682493816057
21, 1682493817066
30, 1682493818073
27, 1682493819080
24, 1682493820086
24, 1682493821090
25, 1682493822098
25, 1682493823106
24, 1682493824112
9, 1682493825122
24, 1682493826128
29, 1682493827139
44, 1682493828149
53, 1682493829158
48, 1682493830168
46, 1682493831174
47, 1682493832184
46, 1682493833190
45, 1682493834199
46, 1682493835209
46, 1682493836217
48, 1682493837224
46, 1682493838233
0, 1682493839241
0, 1682493840252
0, 1682493841260
0, 1682493842271
0, 1682493843277
0, 1682493844286
0, 1682493845293
0, 1682493846301
0, 1682493847310
30, 1682493848319
0, 1682493849327
35, 1682493850332
64, 1682493851342
76, 1682493852351
0, 1682493853358
37, 1682493854366
0, 1682493855374
0, 1682493856381
0, 1682493857387
66, 1682493858392
64, 1682493859398
60, 1682493860409
64, 1682493861417
0, 1682493862427
71, 1682493863436
63, 1682493864444
64, 1682493865451
63, 1682493866460
63, 1682493867468
64, 1682493868474
61, 1682493869483
64, 1682493870490
63, 1682493871498
56, 1682493872506
52, 1682493873515
46, 1682493874519
45, 1682493875524
45, 1682493876530
46, 1682493877537
0, 1682493878545
49, 1682493879548
0, 1682493880556
0, 1682493881568
0, 1682493882574
0, 1682493883582
51, 1682493884592
0, 1682493885597
11, 1682493886606
0, 1682493887612
0, 1682493888618
0, 1682493889622
0, 1682493890629
56, 1682493891635
0, 1682493892642
56, 1682493893661
0, 1682493894659
0, 1682493895667
57, 1682493896673
55, 1682493897677
56, 1682493898686
55, 1682493899690
55, 1682493900701
53, 1682493901712
56, 1682493902718
56, 1682493903725
56, 1682493904733
68, 1682493905736
0, 1682493906746
0, 1682493907753
0, 1682493908762
0, 1682493909769
0, 1682493910776
0, 1682493911785
42, 1682493912790
64, 1682493913799
56, 1682493914802
47, 1682493915807
46, 1682493916814
46, 1682493917821
47, 1682493918830
46, 1682493919837
47, 1682493920846
47, 1682493921852
7, 1682493922868
8, 1682493923883
8, 1682493924895
8, 1682493925907
0, 1682493926920
0, 1682493927931
8, 1682493928941
9, 1682493929955
0, 1682493930969
7, 1682493931979
7, 1682493932992
8, 1682493934004
7, 1682493935014
6, 1682493936023
0, 1682493937029
0, 1682493938041
9, 1682493939048
9, 1682493940063
9, 1682493941065
8, 1682493942071
8, 1682493943079
0, 1682493944088
0, 1682493945095
0, 1682493946100
16, 1682493947106
27, 1682493948109
36, 1682493949116
36, 1682493950123
36, 1682493951134
37, 1682493952143
38, 1682493953149
37, 1682493954158
38, 1682493955167
38, 1682493956176
37, 1682493957186
38, 1682493958193
38, 1682493959202
0, 1682493960211
38, 1682493961221
38, 1682493962230
37, 1682493963240
37, 1682493964247
38, 1682493965256
38, 1682493966263
37, 1682493967274
36, 1682493968286
37, 1682493969294
0, 1682493970303
0, 1682493971314
0, 1682493972324
0, 1682493973331
0, 1682493974339
0, 1682493975346
35, 1682493976354
34, 1682493977361
34, 1682493978369
24, 1682493979377
22, 1682493980385
0, 1682493981392
0, 1682493982399
0, 1682493983408
0, 1682493984416
38, 1682493985421
37, 1682493986427
38, 1682493987434
0, 1682493988443
0, 1682493989453
0, 1682493990458
0, 1682493991468
0, 1682493992473
0, 1682493993480
37, 1682493994488
37, 1682493995492
0, 1682493996502
0, 1682493997510
38, 1682493998519
37, 1682493999526
37, 1682494000534
37, 1682494001542
37, 1682494002551
38, 1682494003559
37, 1682494004567
38, 1682494005572
37, 1682494006582
0, 1682494007590
0, 1682494008600
23, 1682494009607
21, 1682494010616
0, 1682494011628
0, 1682494012636
0, 1682494013645
0, 1682494014654
21, 1682494015661
32, 1682494016669
38, 1682494017673
38, 1682494018682
31, 1682494019690
37, 1682494020698
37, 1682494021703
25, 1682494022709
30, 1682494023718
33, 1682494024728
0, 1682494025736
0, 1682494026745
0, 1682494027754
0, 1682494028759
0, 1682494029767
0, 1682494030775
0, 1682494031786
0, 1682494032792
0, 1682494033798
0, 1682494034809
0, 1682494035817
0, 1682494036826
0, 1682494037832
0, 1682494038840
0, 1682494039845
0, 1682494040852
34, 1682494041860
0, 1682494042866
0, 1682494043873
0, 1682494044882
0, 1682494045890
0, 1682494046898
0, 1682494047905
36, 1682494048912
0, 1682494049919
0, 1682494050923
0, 1682494051927
0, 1682494052933
0, 1682494053939
37, 1682494054946
35, 1682494055952
0, 1682494056962
41, 1682494057968
0, 1682494058974
35, 1682494059981
35, 1682494060992
35, 1682494062000
0, 1682494063011
0, 1682494064019
31, 1682494065024
31, 1682494066029
31, 1682494067036
32, 1682494068041
32, 1682494069054
32, 1682494070064
32, 1682494071073
32, 1682494072076
32, 1682494073078
32, 1682494074084
32, 1682494075090
32, 1682494076094
32, 1682494077101
32, 1682494078108
32, 1682494079115
32, 1682494080121
32, 1682494081135
32, 1682494082143
32, 1682494083149
32, 1682494084156
32, 1682494085162
0, 1682494086168
32, 1682494087173
0, 1682494088180
32, 1682494089186
32, 1682494090193
0, 1682494091203
0, 1682494092212
0, 1682494093222
0, 1682494094231
0, 1682494095240
0, 1682494096249
30, 1682494097254
31, 1682494098263
0, 1682494099271
0, 1682494100278
30, 1682494101282
39, 1682494102292
0, 1682494103300
0, 1682494104309
0, 1682494105317
0, 1682494106325
0, 1682494107334
0, 1682494108343
0, 1682494109349
0, 1682494110358
35, 1682494111365
34, 1682494112373
0, 1682494113382
0, 1682494114390
0, 1682494115396
0, 1682494116406
0, 1682494117415
0, 1682494118422
0, 1682494119432
0, 1682494120441
36, 1682494121451
31, 1682494122459
37, 1682494123466
0, 1682494124476
0, 1682494125480
0, 1682494126489
0, 1682494127496
0, 1682494128504
0, 1682494129510
0, 1682494130518
34, 1682494131525
34, 1682494132531
34, 1682494133540
35, 1682494134546
34, 1682494135555
35, 1682494136562
35, 1682494137566
34, 1682494138576
33, 1682494139580
0, 1682494140590
52, 1682494141599
0, 1682494142610
0, 1682494143619
0, 1682494144629
0, 1682494145639
0, 1682494146650
0, 1682494147662
0, 1682494148671
0, 1682494149678
56, 1682494150684
56, 1682494151692
56, 1682494152699
56, 1682494153710
0, 1682494154719
56, 1682494155727
0, 1682494156738
0, 1682494157746
0, 1682494158753
0, 1682494159762
0, 1682494160770
0, 1682494161777
0, 1682494162785
56, 1682494163795
0, 1682494164801
0, 1682494165808
0, 1682494166816
0, 1682494167823
0, 1682494168831
47, 1682494169840
37, 1682494170843
36, 1682494171852
45, 1682494172858
49, 1682494173870
0, 1682494174878
50, 1682494175884
0, 1682494176893
0, 1682494177899
0, 1682494178903
0, 1682494179912
47, 1682494180915
0, 1682494181923
0, 1682494182929
0, 1682494183933
0, 1682494184942
0, 1682494185947
47, 1682494186958
0, 1682494187962
0, 1682494188973
0, 1682494189980
38, 1682494190991
39, 1682494191998
48, 1682494193002
47, 1682494194008
0, 1682494195016
48, 1682494196022
0, 1682494197029
39, 1682494198033
47, 1682494199036
0, 1682494200040
0, 1682494201059
0, 1682494202052
47, 1682494203064
47, 1682494204064
39, 1682494205067
0, 1682494206072
48, 1682494207081
0, 1682494208093
38, 1682494209095
39, 1682494210099
0, 1682494211107
0, 1682494212113
0, 1682494213117
0, 1682494214127
0, 1682494215134
0, 1682494216143
51, 1682494217149
0, 1682494218158
39, 1682494219166
0, 1682494220171
0, 1682494221178
38, 1682494222186
0, 1682494223191
0, 1682494224200
47, 1682494225209
0, 1682494226214
0, 1682494227224
47, 1682494228229
48, 1682494229237
39, 1682494230246
47, 1682494231256
46, 1682494232263
0, 1682494233271
49, 1682494234279
48, 1682494235286
0, 1682494236294
40, 1682494237298
48, 1682494238309
0, 1682494239314
48, 1682494240325
0, 1682494241330
47, 1682494242340
37, 1682494243347
0, 1682494244352
47, 1682494245359
38, 1682494246364
0, 1682494247367
46, 1682494248376
0, 1682494249381
47, 1682494250390
0, 1682494251397
0, 1682494252401
36, 1682494253410
45, 1682494254415
48, 1682494255427
30, 1682494256430
38, 1682494257436
0, 1682494258443
29, 1682494259450
0, 1682494260461
38, 1682494261468
0, 1682494262479
0, 1682494263483
38, 1682494264491
0, 1682494265498
47, 1682494266502
47, 1682494267508
47, 1682494268520
46, 1682494269529
46, 1682494270533
47, 1682494271542
47, 1682494272551
38, 1682494273558
46, 1682494274564
38, 1682494275570
37, 1682494276579
47, 1682494277587
0, 1682494278592
38, 1682494279600
48, 1682494280607
47, 1682494281617
47, 1682494282625
0, 1682494283632
47, 1682494284640
39, 1682494285648
49, 1682494286654
28, 1682494287661
48, 1682494288672
49, 1682494289678
46, 1682494290684
43, 1682494291694
22, 1682494292704
36, 1682494293714
45, 1682494294722
46, 1682494295727
38, 1682494296732
37, 1682494297740
29, 1682494298747
28, 1682494299758
22, 1682494300763
42, 1682494301770
34, 1682494302778
37, 1682494303790
37, 1682494304796
36, 1682494305804
36, 1682494306813
35, 1682494307821
39, 1682494308826
37, 1682494309834
36, 1682494310843
37, 1682494311848
37, 1682494312856
31, 1682494313863
37, 1682494314868
29, 1682494315873
0, 1682494316879
23, 1682494317891
18, 1682494318901
23, 1682494319910
29, 1682494320923
30, 1682494321934
36, 1682494322944
34, 1682494323954
19, 1682494324964
0, 1682494325972
17, 1682494326981
13, 1682494327995
0, 1682494329005
0, 1682494330036
0, 1682494331024
0, 1682494332033
0, 1682494333044
23, 1682494334052
0, 1682494335060
36, 1682494336074
0, 1682494337072
23, 1682494338082
0, 1682494339087
20, 1682494340095
0, 1682494341104
22, 1682494342111
0, 1682494343118
0, 1682494344126
0, 1682494345137
23, 1682494346146
24, 1682494347155
0, 1682494348164
28, 1682494349169
50, 1682494350177
54, 1682494351186
50, 1682494352194
52, 1682494353204
50, 1682494354211
52, 1682494355217
49, 1682494356224
21, 1682494357234
0, 1682494358242
0, 1682494359250
36, 1682494360260
48, 1682494361269
35, 1682494362276
38, 1682494363288
36, 1682494364292
28, 1682494365305
35, 1682494366315
48, 1682494367325
35, 1682494368333
40, 1682494369341
35, 1682494370349
41, 1682494371358
35, 1682494372365
40, 1682494373373
41, 1682494374382
35, 1682494375388
36, 1682494376395
39, 1682494377406
42, 1682494378414
37, 1682494379422
37, 1682494380431
36, 1682494381442
36, 1682494382448
36, 1682494383456
48, 1682494384468
54, 1682494385477
34, 1682494386489
32, 1682494387499
33, 1682494388507
90, 1682494389514
75, 1682494390522
33, 1682494391529
33, 1682494392537
41, 1682494393545
39, 1682494394555
45, 1682494395567
40, 1682494396575
36, 1682494397584
39, 1682494398590
38, 1682494399597
35, 1682494400606
40, 1682494401617
45, 1682494402625
40, 1682494403630
49, 1682494404637
48, 1682494405644
43, 1682494406649
46, 1682494407662
36, 1682494408668
35, 1682494409677
43, 1682494410682
44, 1682494411688
43, 1682494412696
50, 1682494413705
39, 1682494414712
0, 1682494415719
0, 1682494416730
21, 1682494417736
44, 1682494418745
42, 1682494419753
39, 1682494420762
35, 1682494421774
45, 1682494422780
35, 1682494423783
35, 1682494424788
40, 1682494425800
34, 1682494426809
0, 1682494427821
34, 1682494428829
36, 1682494429838
35, 1682494430848
36, 1682494431854
35, 1682494432864
36, 1682494433873
35, 1682494434885
35, 1682494435894
35, 1682494436904
35, 1682494437914
39, 1682494438925
35, 1682494439933
40, 1682494440944
37, 1682494441954
45, 1682494442960
45, 1682494443966
29, 1682494444977
43, 1682494445985
46, 1682494446993
36, 1682494448001
34, 1682494449014
34, 1682494450019
38, 1682494451025
39, 1682494452030
30, 1682494453037
28, 1682494454043
35, 1682494455056
47, 1682494456061
31, 1682494457066
39, 1682494458065
0, 1682494459074
0, 1682494460078
0, 1682494461087
32, 1682494462096
34, 1682494463109
49, 1682494464118
27, 1682494465125
30, 1682494466134
39, 1682494467145
46, 1682494468157
0, 1682494469165
40, 1682494470172
36, 1682494471179
33, 1682494472190
34, 1682494473200
28, 1682494474211
33, 1682494475223
34, 1682494476230
33, 1682494477235
33, 1682494478246
28, 1682494479256
33, 1682494480268
18, 1682494481277
33, 1682494482287
30, 1682494483298
33, 1682494484308
33, 1682494485318
33, 1682494486328
33, 1682494487337
28, 1682494488345
33, 1682494489355
33, 1682494490365
34, 1682494491375
33, 1682494492385
27, 1682494493396
34, 1682494494407
33, 1682494495414
33, 1682494496419
28, 1682494497429
19, 1682494498437
34, 1682494499443
33, 1682494500453
33, 1682494501462
28, 1682494502469
34, 1682494503478
33, 1682494504489
33, 1682494505501
28, 1682494506511
0, 1682494507521
33, 1682494508533
33, 1682494509544
32, 1682494510554
27, 1682494511565
33, 1682494512574
33, 1682494513582
33, 1682494514590
33, 1682494515599
28, 1682494516604
33, 1682494517612
0, 1682494518622
33, 1682494519629
33, 1682494520640
27, 1682494521650
33, 1682494522657
32, 1682494523665
33, 1682494524673
33, 1682494525685
0, 1682494526695
0, 1682494527701
0, 1682494528710
0, 1682494529718
24, 1682494530723
33, 1682494531736
33, 1682494532743
33, 1682494533752
0, 1682494534764
0, 1682494535776
0, 1682494536785
0, 1682494537794
0, 1682494538806
0, 1682494539817
32, 1682494540830
0, 1682494541842
32, 1682494542853
32, 1682494543861
0, 1682494544874
32, 1682494545882
32, 1682494546894
32, 1682494547900
32, 1682494548910
32, 1682494549919
32, 1682494550931
32, 1682494551943
31, 1682494552950
32, 1682494553958
32, 1682494554969
32, 1682494555980
31, 1682494556991
31, 1682494557999
31, 1682494559002
32, 1682494560007
31, 1682494561017
31, 1682494562024
32, 1682494563034
25, 1682494564040
19, 1682494565044
19, 1682494566059
18, 1682494567077
29, 1682494568080
0, 1682494569086
0, 1682494570096
0, 1682494571091
0, 1682494572099
0, 1682494573108
0, 1682494574117
32, 1682494575123
27, 1682494576135
0, 1682494577147
0, 1682494578155
37, 1682494579165
0, 1682494580176
0, 1682494581190
0, 1682494582200
0, 1682494583210
0, 1682494584219
0, 1682494585227
0, 1682494586232
0, 1682494587239
0, 1682494588250
0, 1682494589263
0, 1682494590274
0, 1682494591285
0, 1682494592293
0, 1682494593304
36, 1682494594313
36, 1682494595322
36, 1682494596332
36, 1682494597340
36, 1682494598350
36, 1682494599361
36, 1682494600372
0, 1682494601384
0, 1682494602392
0, 1682494603400
0, 1682494604407
36, 1682494605416
0, 1682494606430
36, 1682494607438
0, 1682494608448
36, 1682494609459
33, 1682494610471
29, 1682494611476
27, 1682494612486
37, 1682494613496
0, 1682494614503
39, 1682494615507
0, 1682494616521
33, 1682494617530
32, 1682494618539
32, 1682494619548
33, 1682494620557
32, 1682494621570
32, 1682494622583
32, 1682494623593
33, 1682494624605
33, 1682494625617
33, 1682494626627
32, 1682494627636
0, 1682494628643
0, 1682494629653
32, 1682494630660
32, 1682494631670
32, 1682494632674
32, 1682494633684
32, 1682494634693
33, 1682494635704
30, 1682494636711
29, 1682494637720
32, 1682494638731
8, 1682494639743
0, 1682494640756
0, 1682494641770
0, 1682494642784
0, 1682494643797
0, 1682494644806
0, 1682494645814
0, 1682494646821
0, 1682494647829
0, 1682494648838
0, 1682494649851
0, 1682494650864
0, 1682494651879
0, 1682494652888
0, 1682494653902
0, 1682494654916
0, 1682494655929
0, 1682494656944
0, 1682494657958
0, 1682494658967
0, 1682494659981
0, 1682494660994
0, 1682494662008
0, 1682494663019
0, 1682494664028
0, 1682494665035
0, 1682494666042
0, 1682494667065
0, 1682494668073
0, 1682494669077
0, 1682494670080
0, 1682494671080
0, 1682494672088
0, 1682494673095
0, 1682494674101
0, 1682494675106
0, 1682494676112
0, 1682494677122
0, 1682494678136
0, 1682494679150
0, 1682494680164
0, 1682494681178
0, 1682494682192
0, 1682494683205
0, 1682494684218
0, 1682494685231
0, 1682494686244
0, 1682494687257
0, 1682494688270
0, 1682494689284
0, 1682494690298
0, 1682494691312
0, 1682494692325
0, 1682494693334
0, 1682494694341
0, 1682494695350
0, 1682494696358
0, 1682494697370
0, 1682494698381
0, 1682494699393
0, 1682494700408
0, 1682494701422
0, 1682494702434
0, 1682494703448
0, 1682494704458
0, 1682494705472
0, 1682494706486
0, 1682494707499
0, 1682494708513
0, 1682494709527
0, 1682494710540
0, 1682494711555
0, 1682494712569
0, 1682494713584
0, 1682494714597
0, 1682494715609
0, 1682494716624
0, 1682494717638
0, 1682494718652
0, 1682494719665
0, 1682494720678
0, 1682494721689
0, 1682494722703
0, 1682494723717
0, 1682494724730
0, 1682494725744
0, 1682494726756
0, 1682494727768
0, 1682494728782
0, 1682494729795
0, 1682494730810
0, 1682494731823
0, 1682494732837
0, 1682494733848
0, 1682494734862
0, 1682494735869
0, 1682494736881
0, 1682494737891
0, 1682494738897
0, 1682494739907
0, 1682494740914
0, 1682494741921
0, 1682494742928
0, 1682494743942
0, 1682494744955
0, 1682494745969
0, 1682494746983
0, 1682494747995
0, 1682494749004
0, 1682494750016
0, 1682494751026
0, 1682494752035
0, 1682494753042
0, 1682494754063
0, 1682494755061
0, 1682494756074
0, 1682494757081
0, 1682494758078
0, 1682494759086
0, 1682494760095
0, 1682494761105
0, 1682494762115
0, 1682494763127
0, 1682494764139
0, 1682494765153
0, 1682494766167
0, 1682494767181
0, 1682494768196
0, 1682494769255
0, 1682494770253
0, 1682494771261
0, 1682494772270
0, 1682494773268
0, 1682494774277
0, 1682494775290
0, 1682494776304
0, 1682494777318
0, 1682494778331
0, 1682494779345
0, 1682494780359
0, 1682494781373
0, 1682494782386
0, 1682494783399
0, 1682494784410
0, 1682494785423
0, 1682494786435
0, 1682494787449
0, 1682494788461
0, 1682494789471
0, 1682494790479
0, 1682494791488
0, 1682494792503
0, 1682494793516
0, 1682494794529
0, 1682494795542
0, 1682494796556
0, 1682494797571
0, 1682494798584
0, 1682494799597
0, 1682494800609
0, 1682494801619
0, 1682494802632
0, 1682494803644
0, 1682494804651
0, 1682494805663
0, 1682494806678
0, 1682494807691
0, 1682494808704
0, 1682494809718
0, 1682494810731
0, 1682494811745
0, 1682494812759
0, 1682494813772
0, 1682494814786
0, 1682494815799
0, 1682494816809
0, 1682494817819
0, 1682494818829
0, 1682494819838
0, 1682494820850
0, 1682494821863
0, 1682494822877
0, 1682494823884
0, 1682494824887
0, 1682494825903
0, 1682494826918
0, 1682494827929
8, 1682494828940
8, 1682494829954
8, 1682494830962
7, 1682494831976
8, 1682494832989
7, 1682494834003
0, 1682494835012
0, 1682494836017
0, 1682494837026
0, 1682494838033
36, 1682494839041
0, 1682494840057
0, 1682494841051
39, 1682494842060
34, 1682494843066
32, 1682494844072
33, 1682494845078
0, 1686798805781
0, 1686798806798
0, 1686798807806
0, 1686798808812
0, 1686798809818
29, 1686798810831
41, 1686798811840
41, 1686798812851
41, 1686798813854
41, 1686798814862
43, 1686798815866
43, 1686798816873
43, 1686798817879
43, 1686798818884
43, 1686798819892
43, 1686798820897
44, 1686798821901
42, 1686798822905
46, 1686798823916
0, 1686798824919
0, 1686798825925
0, 1686798826931
0, 1686798827938
0, 1686798828944
0, 1686798829949
0, 1686798830957
0, 1686798831962
51, 1686798832965
53, 1686798833969
0, 1686798834978
100, 1686798835984
0, 1686798836985
0, 1686798837999
0, 1686798839011
0, 1686798840017
0, 1686798841021
84, 1686798842023
81, 1686798843029
89, 1686798844036
91, 1686798845039
91, 1686798846046
91, 1686798847050
91, 1686798848057
69, 1686798849062
0, 1686798850068
0, 1686798851074
91, 1686798852097
88, 1686798853080
84, 1686798854083
85, 1686798855093
87, 1686798856092
78, 1686798857099
68, 1686798858105
86, 1686798859109
88, 1686798860114
78, 1686798861124
88, 1686798862129
90, 1686798863137
89, 1686798864145
89, 1686798865151
89, 1686798866155
88, 1686798867162
89, 1686798868171
85, 1686798869178
85, 1686798870199
87, 1686798871184
87, 1686798872191
91, 1686798873204
88, 1686798874200
81, 1686798875208
85, 1686798876213
87, 1686798877219
90, 1686798878228
88, 1686798879231
82, 1686798880241
71, 1686798881249
82, 1686798882253
82, 1686798883258
80, 1686798884266
80, 1686798885273
84, 1686798886283
0, 1686798887291
0, 1686798888302
81, 1686798889311
0, 1686798890321
0, 1686798891326
0, 1686798892335
0, 1686798893343
74, 1686798894351
0, 1686798895361
83, 1686798896368
0, 1686798897376
0, 1686798898383
0, 1686798899393
73, 1686798900404
0, 1686798901411
0, 1686798902417
100, 1686798903425
0, 1686798904435
85, 1686798905444
86, 1686798906451
0, 1686798907455
87, 1686798908461
82, 1686798909472
0, 1686798910481
0, 1686798911490
0, 1686798912499
0, 1686798913507
0, 1686798914514
82, 1686798915521
0, 1686798916525
79, 1686798917534
100, 1686798918543
85, 1686798919550
84, 1686798920557
83, 1686798921565
0, 1686798922576
82, 1686798923583
83, 1686798924591
90, 1686798925598
84, 1686798926608
85, 1686798927616
82, 1686798928624
83, 1686798929635
86, 1686798930641
82, 1686798931651
80, 1686798932657
81, 1686798933667
86, 1686798934677
0, 1686798935687
0, 1686798936696
81, 1686798937707
82, 1686798938713
82, 1686798939724
0, 1686798940728
0, 1686798941739
84, 1686798942747
84, 1686798943758
80, 1686798944765
84, 1686798945776
82, 1686798946788
78, 1686798947795
89, 1686798948803
91, 1686798949812
0, 1686798950816
77, 1686798951824
0, 1686798952832
0, 1686798953840
0, 1686798954843
0, 1686798955849
85, 1686798956854
100, 1686798957859
0, 1686798958866
0, 1686798959869
0, 1686798960874
0, 1686798961878
0, 1686798962881
72, 1686798963886
0, 1686798964893
87, 1686798965896
91, 1686798966900
0, 1686798967907
0, 1686798968913
0, 1686798969920
0, 1686798970923
82, 1686798971924
83, 1686798972928
85, 1686798973933
90, 1686798974934
89, 1686798975938
83, 1686798976941
82, 1686798977948
82, 1686798978954
83, 1686798979960
91, 1686798980966
85, 1686798981973
84, 1686798982974
82, 1686798983976
82, 1686798984984
83, 1686798985990
82, 1686798986993
82, 1686798987999
84, 1686798989004
0, 1686798990007
100, 1686798991012
0, 1686798992019
0, 1686798993025
82, 1686798994032
86, 1686798995034
84, 1686798996040
0, 1686798997046
0, 1686798998048
0, 1686798999055
0, 1686799000061
84, 1686799001063
0, 1686799002069
84, 1686799003076
0, 1686799004090
0, 1686799005087
0, 1686799006092
71, 1686799007098
0, 1686799008104
79, 1686799009111
89, 1686799010115
69, 1686799011121
86, 1686799012128
84, 1686799013134
100, 1686799014139
70, 1686799015145
91, 1686799016153
92, 1686799017158
81, 1686799018165
86, 1686799019171
81, 1686799020178
83, 1686799021186
80, 1686799022192
80, 1686799023196
81, 1686799024202
94, 1686799025206
85, 1686799026211
80, 1686799027218
81, 1686799028226
81, 1686799029230
84, 1686799030237
89, 1686799031244
78, 1686799032251
81, 1686799033255
93, 1686799034263
87, 1686799035270
88, 1686799036279
83, 1686799037284
83, 1686799038293
92, 1686799039301
88, 1686799040310
82, 1686799041319
88, 1686799042326
81, 1686799043338
86, 1686799044346
80, 1686799045355
88, 1686799046361
73, 1686799047370
94, 1686799048378
87, 1686799049385
93, 1686799050388
91, 1686799051398
81, 1686799052408
80, 1686799053419
86, 1686799054428
